"","num","Freq","wtnt_consensus","Virus","WTAA_consensus","MUTAA","bigAAchange","makesCpG","TypeOfSite"
"1",1,0,"a","InfluenzaBvirus_HA","M","V","0",0,"nonsyn"
"2",2,0,"t","InfluenzaBvirus_HA","M","T","1",1,"nonsyn"
"3",3,0.000277777777777778,"g","InfluenzaBvirus_HA","M","I","0",0,"nonsyn"
"4",4,0.000833333333333333,"a","InfluenzaBvirus_HA","K","E","1",0,"nonsyn"
"5",5,0,"a","InfluenzaBvirus_HA","K","R","0",0,"nonsyn"
"6",6,0.00472222222222222,"g","InfluenzaBvirus_HA","K","K","0",0,"syn"
"7",7,0.00194444444444444,"g","InfluenzaBvirus_HA","A","T","1",0,"nonsyn"
"8",8,0,"c","InfluenzaBvirus_HA","A","V","0",0,"nonsyn"
"9",9,0.00138888888888889,"a","InfluenzaBvirus_HA","A","A","0",1,"syn"
"10",10,0.00138888888888889,"a","InfluenzaBvirus_HA","I","V","0",0,"nonsyn"
"11",11,0.000555555555555556,"t","InfluenzaBvirus_HA","I","T","1",0,"nonsyn"
"12",12,0.000277777777777778,"a","InfluenzaBvirus_HA","I","M","0",0,"nonsyn"
"13",13,0.000277777777777778,"a","InfluenzaBvirus_HA","I","V","0",0,"nonsyn"
"14",14,0,"t","InfluenzaBvirus_HA","I","T","1",0,"nonsyn"
"15",15,0,"t","InfluenzaBvirus_HA","I","I","0",1,"syn"
"16",16,0.00111111111111111,"g","InfluenzaBvirus_HA","V","I","0",0,"nonsyn"
"17",17,0.000833333333333333,"t","InfluenzaBvirus_HA","V","A","0",0,"nonsyn"
"18",18,0.000555555555555556,"a","InfluenzaBvirus_HA","V","V","0",0,"syn"
"19",19,0,"c","InfluenzaBvirus_HA","L","L","0",0,"syn"
"20",20,0,"t","InfluenzaBvirus_HA","L","P","1",0,"nonsyn"
"21",21,0.00416666666666667,"a","InfluenzaBvirus_HA","L","L","0",0,"syn"
"22",22,0.000833333333333333,"c","InfluenzaBvirus_HA","L","F","0",0,"nonsyn"
"23",23,0,"t","InfluenzaBvirus_HA","L","P","1",0,"nonsyn"
"24",24,0.00111111111111111,"c","InfluenzaBvirus_HA","L","L","0",0,"syn"
"25",25,0,"a","InfluenzaBvirus_HA","M","V","0",1,"nonsyn"
"26",26,0,"t","InfluenzaBvirus_HA","M","T","1",1,"nonsyn"
"27",27,0,"g","InfluenzaBvirus_HA","M","I","0",0,"nonsyn"
"28",28,0.000277777777777778,"g","InfluenzaBvirus_HA","V","I","0",0,"nonsyn"
"29",29,0,"t","InfluenzaBvirus_HA","V","A","0",0,"nonsyn"
"30",30,0.00722222222222222,"a","InfluenzaBvirus_HA","V","V","0",0,"syn"
"31",31,0.000277777777777778,"g","InfluenzaBvirus_HA","V","I","0",0,"nonsyn"
"32",32,0.00166666666666667,"t","InfluenzaBvirus_HA","V","A","0",0,"nonsyn"
"33",33,0.00777777777777778,"a","InfluenzaBvirus_HA","V","V","0",0,"syn"
"34",34,0.000833333333333333,"a","InfluenzaBvirus_HA","T","A","1",0,"nonsyn"
"35",35,0,"c","InfluenzaBvirus_HA","T","I","1",0,"nonsyn"
"36",36,0.000555555555555556,"a","InfluenzaBvirus_HA","T","T","0",1,"syn"
"37",37,0.000833333333333333,"t","InfluenzaBvirus_HA","S","P","1",0,"nonsyn"
"38",38,0.000833333333333333,"c","InfluenzaBvirus_HA","S","F","1",0,"nonsyn"
"39",39,0.00277777777777778,"c","InfluenzaBvirus_HA","S","S","0",0,"syn"
"40",40,0.00111111111111111,"a","InfluenzaBvirus_HA","N","D","1",1,"nonsyn"
"41",41,0,"a","InfluenzaBvirus_HA","N","S","0",0,"nonsyn"
"42",42,0.0172222222222222,"t","InfluenzaBvirus_HA","N","N","0",1,"syn"
"43",43,0,"g","InfluenzaBvirus_HA","A","T","1",0,"nonsyn"
"44",44,0,"c","InfluenzaBvirus_HA","A","V","0",0,"nonsyn"
"45",45,0.00944444444444444,"a","InfluenzaBvirus_HA","A","A","0",1,"syn"
"46",46,0.000555555555555556,"g","InfluenzaBvirus_HA","D","N","1",0,"nonsyn"
"47",47,0,"a","InfluenzaBvirus_HA","D","G","1",0,"nonsyn"
"48",48,0.00277777777777778,"t","InfluenzaBvirus_HA","D","D","0",0,"syn"
"49",49,0,"c","InfluenzaBvirus_HA","R","*","1",0,"nonsense"
"50",50,0.000555555555555556,"g","InfluenzaBvirus_HA","R","Q","1",0,"nonsyn"
"51",51,0.0136111111111111,"a","InfluenzaBvirus_HA","R","R","0",0,"syn"
"52",52,0.00138888888888889,"a","InfluenzaBvirus_HA","I","V","0",0,"nonsyn"
"53",53,0,"t","InfluenzaBvirus_HA","I","T","1",0,"nonsyn"
"54",54,0.0125,"c","InfluenzaBvirus_HA","I","I","0",0,"syn"
"55",55,0,"t","InfluenzaBvirus_HA","C","R","1",1,"nonsyn"
"56",56,0,"g","InfluenzaBvirus_HA","C","Y","1",0,"nonsyn"
"57",57,0,"c","InfluenzaBvirus_HA","C","C","0",0,"syn"
"58",58,0,"a","InfluenzaBvirus_HA","T","A","1",1,"nonsyn"
"59",59,0,"c","InfluenzaBvirus_HA","T","I","1",0,"nonsyn"
"60",60,0.00888888888888889,"t","InfluenzaBvirus_HA","T","T","0",1,"syn"
"61",61,0.000277777777777778,"g","InfluenzaBvirus_HA","G","R","1",0,"nonsyn"
"62",62,0.000555555555555556,"g","InfluenzaBvirus_HA","G","E","1",0,"nonsyn"
"63",63,0.0580555555555556,"g","InfluenzaBvirus_HA","G","G","0",0,"syn"
"64",64,0.00111111111111111,"a","InfluenzaBvirus_HA","I","V","0",0,"nonsyn"
"65",65,0.000833333333333333,"t","InfluenzaBvirus_HA","I","T","1",0,"nonsyn"
"66",66,0.000555555555555556,"a","InfluenzaBvirus_HA","I","M","0",0,"nonsyn"
"67",67,0,"a","InfluenzaBvirus_HA","T","A","1",0,"nonsyn"
"68",68,0.000833333333333333,"c","InfluenzaBvirus_HA","T","I","1",0,"nonsyn"
"69",69,0.00611111111111111,"a","InfluenzaBvirus_HA","T","T","0",1,"syn"
"70",70,0,"t","InfluenzaBvirus_HA","S","P","1",0,"nonsyn"
"71",71,0,"c","InfluenzaBvirus_HA","S","L","1",0,"nonsyn"
"72",72,0.0155555555555556,"g","InfluenzaBvirus_HA","S","S","0",0,"syn"
"73",73,0.000555555555555556,"t","InfluenzaBvirus_HA","S","P","1",0,"nonsyn"
"74",74,0,"c","InfluenzaBvirus_HA","S","L","1",0,"nonsyn"
"75",75,0.00277777777777778,"a","InfluenzaBvirus_HA","S","S","0",1,"syn"
"76",76,0.000833333333333333,"a","InfluenzaBvirus_HA","N","D","1",0,"nonsyn"
"77",77,0.00222222222222222,"a","InfluenzaBvirus_HA","N","S","0",0,"nonsyn"
"78",78,0.000833333333333333,"c","InfluenzaBvirus_HA","N","N","0",0,"syn"
"79",79,0.000277777777777778,"t","InfluenzaBvirus_HA","S","P","1",0,"nonsyn"
"80",80,0.000277777777777778,"c","InfluenzaBvirus_HA","S","L","1",0,"nonsyn"
"81",81,0.00111111111111111,"a","InfluenzaBvirus_HA","S","S","0",1,"syn"
"82",82,0.000277777777777778,"c","InfluenzaBvirus_HA","P","S","1",0,"nonsyn"
"83",83,0,"c","InfluenzaBvirus_HA","P","L","1",0,"nonsyn"
"84",84,0.0105555555555556,"a","InfluenzaBvirus_HA","P","P","0",1,"syn"
"85",85,0.000833333333333333,"c","InfluenzaBvirus_HA","H","Y","1",0,"nonsyn"
"86",86,0.000833333333333333,"a","InfluenzaBvirus_HA","H","R","0",1,"nonsyn"
"87",87,0.0130555555555556,"t","InfluenzaBvirus_HA","H","H","0",1,"syn"
"88",88,0.0861111111111111,"g","InfluenzaBvirus_HA","V","M","0",0,"nonsyn"
"89",89,0.000277777777777778,"t","InfluenzaBvirus_HA","V","A","0",1,"nonsyn"
"90",90,0.0252777777777778,"g","InfluenzaBvirus_HA","V","V","0",0,"syn"
"91",91,0.00138888888888889,"g","InfluenzaBvirus_HA","V","I","0",0,"nonsyn"
"92",92,0.000555555555555556,"t","InfluenzaBvirus_HA","V","A","0",0,"nonsyn"
"93",93,0.000833333333333333,"c","InfluenzaBvirus_HA","V","V","0",0,"syn"
"94",94,0,"a","InfluenzaBvirus_HA","K","E","1",1,"nonsyn"
"95",95,0.000277777777777778,"a","InfluenzaBvirus_HA","K","R","0",0,"nonsyn"
"96",96,0.000555555555555556,"a","InfluenzaBvirus_HA","K","K","0",0,"syn"
"97",97,0,"a","InfluenzaBvirus_HA","T","A","1",0,"nonsyn"
"98",98,0,"c","InfluenzaBvirus_HA","T","I","1",0,"nonsyn"
"99",99,0.0108333333333333,"t","InfluenzaBvirus_HA","T","T","0",1,"syn"
"100",100,0,"g","InfluenzaBvirus_HA","A","T","1",0,"nonsyn"
"101",101,0.000277777777777778,"c","InfluenzaBvirus_HA","A","V","0",0,"nonsyn"
"102",102,0.0575,"t","InfluenzaBvirus_HA","A","A","0",0,"syn"
"103",103,0,"a","InfluenzaBvirus_HA","T","A","1",0,"nonsyn"
"104",104,0,"c","InfluenzaBvirus_HA","T","I","1",0,"nonsyn"
"105",105,0.0116666666666667,"t","InfluenzaBvirus_HA","T","T","0",0,"syn"
"106",106,0,"c","InfluenzaBvirus_HA","Q","*","1",0,"nonsense"
"107",107,0,"a","InfluenzaBvirus_HA","Q","R","1",1,"nonsyn"
"108",108,0.0119444444444444,"a","InfluenzaBvirus_HA","Q","Q","0",0,"syn"
"109",109,0.000555555555555556,"g","InfluenzaBvirus_HA","G","R","1",0,"nonsyn"
"110",110,0.000833333333333333,"g","InfluenzaBvirus_HA","G","E","1",0,"nonsyn"
"111",111,0.00444444444444444,"g","InfluenzaBvirus_HA","G","G","0",0,"syn"
"112",112,0.000833333333333333,"g","InfluenzaBvirus_HA","E","K","1",0,"nonsyn"
"113",113,0,"a","InfluenzaBvirus_HA","E","G","1",0,"nonsyn"
"114",114,0.0327777777777778,"g","InfluenzaBvirus_HA","E","E","0",0,"syn"
"115",115,0.000277777777777778,"g","InfluenzaBvirus_HA","V","I","0",0,"nonsyn"
"116",116,0,"t","InfluenzaBvirus_HA","V","A","0",0,"nonsyn"
"117",117,0.00583333333333333,"c","InfluenzaBvirus_HA","V","V","0",0,"syn"
"118",118,0.000277777777777778,"a","InfluenzaBvirus_HA","N","D","1",1,"nonsyn"
"119",119,0,"a","InfluenzaBvirus_HA","N","S","0",0,"nonsyn"
"120",120,0.0113888888888889,"t","InfluenzaBvirus_HA","N","N","0",1,"syn"
"121",121,0.000555555555555556,"g","InfluenzaBvirus_HA","V","M","0",0,"nonsyn"
"122",122,0,"t","InfluenzaBvirus_HA","V","A","0",1,"nonsyn"
"123",123,0.0105555555555556,"g","InfluenzaBvirus_HA","V","V","0",0,"syn"
"124",124,0,"a","InfluenzaBvirus_HA","T","A","1",0,"nonsyn"
"125",125,0.000277777777777778,"c","InfluenzaBvirus_HA","T","I","1",0,"nonsyn"
"126",126,0.128333333333333,"t","InfluenzaBvirus_HA","T","T","0",1,"syn"
"127",127,0,"g","InfluenzaBvirus_HA","G","S","1",0,"nonsyn"
"128",128,0.000833333333333333,"g","InfluenzaBvirus_HA","G","D","1",0,"nonsyn"
"129",129,0.113611111111111,"t","InfluenzaBvirus_HA","G","G","0",1,"syn"
"130",130,0.000555555555555556,"g","InfluenzaBvirus_HA","V","M","0",0,"nonsyn"
"131",131,0.0311111111111111,"t","InfluenzaBvirus_HA","V","A","0",1,"nonsyn"
"132",132,0.478611111111111,"g","InfluenzaBvirus_HA","V","V","0",0,"syn"
"133",133,0,"a","InfluenzaBvirus_HA","I","V","0",0,"nonsyn"
"134",134,0,"t","InfluenzaBvirus_HA","I","T","1",0,"nonsyn"
"135",135,0.000277777777777778,"a","InfluenzaBvirus_HA","I","M","0",0,"nonsyn"
"136",136,0.00194444444444444,"c","InfluenzaBvirus_HA","P","S","1",0,"nonsyn"
"137",137,0,"c","InfluenzaBvirus_HA","P","L","1",0,"nonsyn"
"138",138,0.00972222222222222,"a","InfluenzaBvirus_HA","P","P","0",1,"syn"
"139",139,0.0163888888888889,"c","InfluenzaBvirus_HA","L","L","0",0,"syn"
"140",140,0,"t","InfluenzaBvirus_HA","L","P","1",1,"nonsyn"
"141",141,0.194166666666667,"g","InfluenzaBvirus_HA","L","L","0",0,"syn"
"142",142,0,"a","InfluenzaBvirus_HA","T","A","1",0,"nonsyn"
"143",143,0,"c","InfluenzaBvirus_HA","T","I","1",0,"nonsyn"
"144",144,0.00388888888888889,"a","InfluenzaBvirus_HA","T","T","0",1,"syn"
"145",145,0.00111111111111111,"a","InfluenzaBvirus_HA","T","A","1",0,"nonsyn"
"146",146,0.00138888888888889,"c","InfluenzaBvirus_HA","T","I","1",0,"nonsyn"
"147",147,0.00138888888888889,"a","InfluenzaBvirus_HA","T","T","0",1,"syn"
"148",148,0.00583333333333333,"a","InfluenzaBvirus_HA","T","A","1",0,"nonsyn"
"149",149,0,"c","InfluenzaBvirus_HA","T","I","1",0,"nonsyn"
"150",150,0.000555555555555556,"a","InfluenzaBvirus_HA","T","T","0",1,"syn"
"151",151,0,"c","InfluenzaBvirus_HA","P","S","1",0,"nonsyn"
"152",152,0.000833333333333333,"c","InfluenzaBvirus_HA","P","L","1",0,"nonsyn"
"153",153,0.00111111111111111,"c","InfluenzaBvirus_HA","P","P","0",0,"syn"
"154",154,0.00416666666666667,"a","InfluenzaBvirus_HA","T","A","1",1,"nonsyn"
"155",155,0.00777777777777778,"c","InfluenzaBvirus_HA","T","I","1",0,"nonsyn"
"156",156,0.00111111111111111,"c","InfluenzaBvirus_HA","T","T","0",0,"syn"
"157",157,0.00305555555555556,"a","InfluenzaBvirus_HA","K","E","1",1,"nonsyn"
"158",158,0.00111111111111111,"a","InfluenzaBvirus_HA","K","R","0",0,"nonsyn"
"159",159,0.00166666666666667,"a","InfluenzaBvirus_HA","K","K","0",0,"syn"
"160",160,0,"t","InfluenzaBvirus_HA","S","P","1",0,"nonsyn"
"161",161,0,"c","InfluenzaBvirus_HA","S","F","1",0,"nonsyn"
"162",162,0.0102777777777778,"t","InfluenzaBvirus_HA","S","S","0",0,"syn"
"163",163,0.394166666666667,"c","InfluenzaBvirus_HA","H","Y","1",0,"nonsyn"
"164",164,0,"a","InfluenzaBvirus_HA","H","R","0",1,"nonsyn"
"165",165,0.00638888888888889,"t","InfluenzaBvirus_HA","H","H","0",0,"syn"
"166",166,0,"t","InfluenzaBvirus_HA","F","L","0",0,"nonsyn"
"167",167,0.000833333333333333,"t","InfluenzaBvirus_HA","F","S","1",0,"nonsyn"
"168",168,0.00111111111111111,"t","InfluenzaBvirus_HA","F","F","0",1,"syn"
"169",169,0.000555555555555556,"g","InfluenzaBvirus_HA","A","T","1",0,"nonsyn"
"170",170,0.000277777777777778,"c","InfluenzaBvirus_HA","A","V","0",0,"nonsyn"
"171",171,0.0102777777777778,"a","InfluenzaBvirus_HA","A","A","0",1,"syn"
"172",172,0.000555555555555556,"a","InfluenzaBvirus_HA","N","D","1",0,"nonsyn"
"173",173,0.00111111111111111,"a","InfluenzaBvirus_HA","N","S","0",0,"nonsyn"
"174",174,0.0572222222222222,"t","InfluenzaBvirus_HA","N","N","0",0,"syn"
"175",175,0,"c","InfluenzaBvirus_HA","L","F","0",0,"nonsyn"
"176",176,0,"t","InfluenzaBvirus_HA","L","P","1",0,"nonsyn"
"177",177,0.000833333333333333,"c","InfluenzaBvirus_HA","L","L","0",0,"syn"
"178",178,0.000555555555555556,"a","InfluenzaBvirus_HA","K","E","1",1,"nonsyn"
"179",179,0.000555555555555556,"a","InfluenzaBvirus_HA","K","R","0",0,"nonsyn"
"180",180,0.00111111111111111,"a","InfluenzaBvirus_HA","K","K","0",0,"syn"
"181",181,0,"g","InfluenzaBvirus_HA","G","R","1",0,"nonsyn"
"182",182,0.000833333333333333,"g","InfluenzaBvirus_HA","G","E","1",0,"nonsyn"
"183",183,0.0108333333333333,"a","InfluenzaBvirus_HA","G","G","0",0,"syn"
"184",184,0.000555555555555556,"a","InfluenzaBvirus_HA","T","A","1",0,"nonsyn"
"185",185,0.00138888888888889,"c","InfluenzaBvirus_HA","T","I","1",0,"nonsyn"
"186",186,0.00194444444444444,"a","InfluenzaBvirus_HA","T","T","0",1,"syn"
"187",187,0.491944444444444,"a","InfluenzaBvirus_HA","K","E","1",0,"nonsyn"
"188",188,0.254722222222222,"a","InfluenzaBvirus_HA","K","R","0",0,"nonsyn"
"189",189,0.438055555555556,"a","InfluenzaBvirus_HA","K","K","0",0,"syn"
"190",190,0,"a","InfluenzaBvirus_HA","T","A","1",0,"nonsyn"
"191",191,0,"c","InfluenzaBvirus_HA","T","I","1",0,"nonsyn"
"192",192,0.00166666666666667,"c","InfluenzaBvirus_HA","T","T","0",0,"syn"
"193",193,0,"a","InfluenzaBvirus_HA","R","G","1",1,"nonsyn"
"194",194,0.000277777777777778,"g","InfluenzaBvirus_HA","R","K","0",0,"nonsyn"
"195",195,0.27,"a","InfluenzaBvirus_HA","R","R","0",0,"syn"
"196",196,0,"g","InfluenzaBvirus_HA","G","R","1",0,"nonsyn"
"197",197,0,"g","InfluenzaBvirus_HA","G","E","1",0,"nonsyn"
"198",198,0.0125,"g","InfluenzaBvirus_HA","G","G","0",0,"syn"
"199",199,0.00277777777777778,"a","InfluenzaBvirus_HA","K","E","1",0,"nonsyn"
"200",200,0.000555555555555556,"a","InfluenzaBvirus_HA","K","R","0",0,"nonsyn"
"201",201,0.00361111111111111,"a","InfluenzaBvirus_HA","K","K","0",0,"syn"
"202",202,0.000555555555555556,"c","InfluenzaBvirus_HA","L","L","0",0,"syn"
"203",203,0,"t","InfluenzaBvirus_HA","L","P","1",0,"nonsyn"
"204",204,0.0111111111111111,"a","InfluenzaBvirus_HA","L","L","0",0,"syn"
"205",205,0,"t","InfluenzaBvirus_HA","C","R","1",1,"nonsyn"
"206",206,0,"g","InfluenzaBvirus_HA","C","Y","1",0,"nonsyn"
"207",207,0.0194444444444444,"c","InfluenzaBvirus_HA","C","C","0",0,"syn"
"208",208,0,"c","InfluenzaBvirus_HA","P","S","1",0,"nonsyn"
"209",209,0,"c","InfluenzaBvirus_HA","P","L","1",0,"nonsyn"
"210",210,0.130277777777778,"a","InfluenzaBvirus_HA","P","P","0",1,"syn"
"211",211,0.396111111111111,"a","InfluenzaBvirus_HA","K","E","1",0,"nonsyn"
"212",212,0.005,"a","InfluenzaBvirus_HA","K","R","0",0,"nonsyn"
"213",213,0.000833333333333333,"a","InfluenzaBvirus_HA","K","K","0",0,"syn"
"214",214,0,"t","InfluenzaBvirus_HA","C","R","1",1,"nonsyn"
"215",215,0.000277777777777778,"g","InfluenzaBvirus_HA","C","Y","1",0,"nonsyn"
"216",216,0.4425,"c","InfluenzaBvirus_HA","C","C","0",0,"syn"
"217",217,0.0113888888888889,"c","InfluenzaBvirus_HA","L","F","0",0,"nonsyn"
"218",218,0.0988888888888889,"t","InfluenzaBvirus_HA","L","P","1",0,"nonsyn"
"219",219,0.0136111111111111,"c","InfluenzaBvirus_HA","L","L","0",0,"syn"
"220",220,0.000277777777777778,"a","InfluenzaBvirus_HA","N","D","1",1,"nonsyn"
"221",221,0,"a","InfluenzaBvirus_HA","N","S","0",0,"nonsyn"
"222",222,0.0025,"c","InfluenzaBvirus_HA","N","N","0",0,"syn"
"223",223,0,"t","InfluenzaBvirus_HA","C","R","1",1,"nonsyn"
"224",224,0,"g","InfluenzaBvirus_HA","C","Y","1",0,"nonsyn"
"225",225,0.355,"c","InfluenzaBvirus_HA","C","C","0",0,"syn"
"226",226,0,"a","InfluenzaBvirus_HA","T","A","1",1,"nonsyn"
"227",227,0,"c","InfluenzaBvirus_HA","T","I","1",0,"nonsyn"
"228",228,0,"a","InfluenzaBvirus_HA","T","T","0",1,"syn"
"229",229,0,"g","InfluenzaBvirus_HA","D","N","1",0,"nonsyn"
"230",230,0,"a","InfluenzaBvirus_HA","D","G","1",0,"nonsyn"
"231",231,0.00194444444444444,"t","InfluenzaBvirus_HA","D","D","0",0,"syn"
"232",232,0.00916666666666667,"c","InfluenzaBvirus_HA","L","L","0",0,"syn"
"233",233,0.000277777777777778,"t","InfluenzaBvirus_HA","L","P","1",1,"nonsyn"
"234",234,0.0130555555555556,"g","InfluenzaBvirus_HA","L","L","0",0,"syn"
"235",235,0,"g","InfluenzaBvirus_HA","D","N","1",0,"nonsyn"
"236",236,0,"a","InfluenzaBvirus_HA","D","G","1",0,"nonsyn"
"237",237,0.460555555555556,"c","InfluenzaBvirus_HA","D","D","0",0,"syn"
"238",238,0,"g","InfluenzaBvirus_HA","V","M","0",0,"nonsyn"
"239",239,0.000555555555555556,"t","InfluenzaBvirus_HA","V","A","0",1,"nonsyn"
"240",240,0.381111111111111,"g","InfluenzaBvirus_HA","V","V","0",0,"syn"
"241",241,0.000555555555555556,"g","InfluenzaBvirus_HA","A","T","1",0,"nonsyn"
"242",242,0.000833333333333333,"c","InfluenzaBvirus_HA","A","V","0",0,"nonsyn"
"243",243,0.0475,"c","InfluenzaBvirus_HA","A","A","0",0,"syn"
"244",244,0.0347222222222222,"t","InfluenzaBvirus_HA","L","L","0",0,"syn"
"245",245,0,"t","InfluenzaBvirus_HA","L","S","1",1,"nonsyn"
"246",246,0.0166666666666667,"g","InfluenzaBvirus_HA","L","L","0",0,"syn"
"247",247,0.000555555555555556,"g","InfluenzaBvirus_HA","G","S","1",0,"nonsyn"
"248",248,0.000277777777777778,"g","InfluenzaBvirus_HA","G","D","1",0,"nonsyn"
"249",249,0.00222222222222222,"c","InfluenzaBvirus_HA","G","G","0",0,"syn"
"250",250,0.00111111111111111,"a","InfluenzaBvirus_HA","R","G","1",1,"nonsyn"
"251",251,0.00138888888888889,"g","InfluenzaBvirus_HA","R","K","0",0,"nonsyn"
"252",252,0.305277777777778,"a","InfluenzaBvirus_HA","R","R","0",0,"syn"
"253",253,0,"c","InfluenzaBvirus_HA","P","S","1",0,"nonsyn"
"254",254,0,"c","InfluenzaBvirus_HA","P","L","1",0,"nonsyn"
"255",255,0.0113888888888889,"a","InfluenzaBvirus_HA","P","P","0",1,"syn"
"256",256,0.000277777777777778,"a","InfluenzaBvirus_HA","K","E","1",0,"nonsyn"
"257",257,0,"a","InfluenzaBvirus_HA","K","R","0",0,"nonsyn"
"258",258,0.443888888888889,"a","InfluenzaBvirus_HA","K","K","0",0,"syn"
"259",259,0,"t","InfluenzaBvirus_HA","C","R","1",1,"nonsyn"
"260",260,0,"g","InfluenzaBvirus_HA","C","Y","1",0,"nonsyn"
"261",261,0.440833333333333,"c","InfluenzaBvirus_HA","C","C","0",0,"syn"
"262",262,0.434722222222222,"a","InfluenzaBvirus_HA","T","A","1",1,"nonsyn"
"263",263,0.443333333333333,"c","InfluenzaBvirus_HA","T","M","1",0,"nonsyn"
"264",264,0.0358333333333333,"g","InfluenzaBvirus_HA","T","T","0",0,"syn"
"265",265,0,"g","InfluenzaBvirus_HA","G","R","1",0,"nonsyn"
"266",266,0.000833333333333333,"g","InfluenzaBvirus_HA","G","E","1",0,"nonsyn"
"267",267,0.153611111111111,"g","InfluenzaBvirus_HA","G","G","0",0,"syn"
"268",268,0.00638888888888889,"a","InfluenzaBvirus_HA","N","D","1",0,"nonsyn"
"269",269,0.000277777777777778,"a","InfluenzaBvirus_HA","N","S","0",0,"nonsyn"
"270",270,0.1275,"c","InfluenzaBvirus_HA","N","N","0",0,"syn"
"271",271,0.00111111111111111,"a","InfluenzaBvirus_HA","I","V","0",1,"nonsyn"
"272",272,0.440833333333333,"t","InfluenzaBvirus_HA","I","T","1",0,"nonsyn"
"273",273,0.00305555555555556,"a","InfluenzaBvirus_HA","I","M","0",0,"nonsyn"
"274",274,0,"c","InfluenzaBvirus_HA","P","S","1",0,"nonsyn"
"275",275,0.000277777777777778,"c","InfluenzaBvirus_HA","P","L","1",0,"nonsyn"
"276",276,0.444166666666667,"c","InfluenzaBvirus_HA","P","P","0",0,"syn"
"277",277,0.000277777777777778,"t","InfluenzaBvirus_HA","S","P","1",0,"nonsyn"
"278",278,0.000555555555555556,"c","InfluenzaBvirus_HA","S","L","1",0,"nonsyn"
"279",279,0.0144444444444444,"g","InfluenzaBvirus_HA","S","S","0",0,"syn"
"280",280,0,"g","InfluenzaBvirus_HA","A","T","1",0,"nonsyn"
"281",281,0,"c","InfluenzaBvirus_HA","A","V","0",0,"nonsyn"
"282",282,0.271388888888889,"a","InfluenzaBvirus_HA","A","A","0",1,"syn"
"283",283,0.0316666666666667,"a","InfluenzaBvirus_HA","K","E","1",0,"nonsyn"
"284",284,0.491111111111111,"a","InfluenzaBvirus_HA","K","R","0",0,"nonsyn"
"285",285,0.00527777777777778,"a","InfluenzaBvirus_HA","K","K","0",0,"syn"
"286",286,0.000277777777777778,"g","InfluenzaBvirus_HA","V","I","0",0,"nonsyn"
"287",287,0.441111111111111,"t","InfluenzaBvirus_HA","V","A","0",0,"nonsyn"
"288",288,0.00416666666666667,"t","InfluenzaBvirus_HA","V","V","0",0,"syn"
"289",289,0,"t","InfluenzaBvirus_HA","S","P","1",0,"nonsyn"
"290",290,0,"c","InfluenzaBvirus_HA","S","L","1",0,"nonsyn"
"291",291,0.00138888888888889,"a","InfluenzaBvirus_HA","S","S","0",1,"syn"
"292",292,0.000277777777777778,"a","InfluenzaBvirus_HA","I","V","0",0,"nonsyn"
"293",293,0,"t","InfluenzaBvirus_HA","I","T","1",0,"nonsyn"
"294",294,0,"a","InfluenzaBvirus_HA","I","M","0",0,"nonsyn"
"295",295,0,"c","InfluenzaBvirus_HA","L","F","0",0,"nonsyn"
"296",296,0,"t","InfluenzaBvirus_HA","L","P","1",0,"nonsyn"
"297",297,0.130277777777778,"c","InfluenzaBvirus_HA","L","L","0",0,"syn"
"298",298,0.00138888888888889,"c","InfluenzaBvirus_HA","H","Y","1",0,"nonsyn"
"299",299,0,"a","InfluenzaBvirus_HA","H","R","0",1,"nonsyn"
"300",300,0.431388888888889,"t","InfluenzaBvirus_HA","H","H","0",1,"syn"
"301",301,0.000555555555555556,"g","InfluenzaBvirus_HA","E","K","1",0,"nonsyn"
"302",302,0,"a","InfluenzaBvirus_HA","E","G","1",0,"nonsyn"
"303",303,0.0202777777777778,"a","InfluenzaBvirus_HA","E","E","0",0,"syn"
"304",304,0.00694444444444444,"g","InfluenzaBvirus_HA","V","I","0",0,"nonsyn"
"305",305,0.00111111111111111,"t","InfluenzaBvirus_HA","V","A","0",0,"nonsyn"
"306",306,0.00277777777777778,"c","InfluenzaBvirus_HA","V","V","0",0,"syn"
"307",307,0,"a","InfluenzaBvirus_HA","R","G","1",1,"nonsyn"
"308",308,0.00527777777777778,"g","InfluenzaBvirus_HA","R","K","0",0,"nonsyn"
"309",309,0.00805555555555556,"a","InfluenzaBvirus_HA","R","R","0",0,"syn"
"310",310,0,"c","InfluenzaBvirus_HA","P","S","1",0,"nonsyn"
"311",311,0.000277777777777778,"c","InfluenzaBvirus_HA","P","L","1",0,"nonsyn"
"312",312,0.00111111111111111,"t","InfluenzaBvirus_HA","P","P","0",1,"syn"
"313",313,0.00333333333333333,"g","InfluenzaBvirus_HA","V","I","0",0,"nonsyn"
"314",314,0.000833333333333333,"t","InfluenzaBvirus_HA","V","A","0",0,"nonsyn"
"315",315,0.00472222222222222,"t","InfluenzaBvirus_HA","V","V","0",0,"syn"
"316",316,0.000277777777777778,"a","InfluenzaBvirus_HA","T","A","1",0,"nonsyn"
"317",317,0,"c","InfluenzaBvirus_HA","T","I","1",0,"nonsyn"
"318",318,0.000277777777777778,"a","InfluenzaBvirus_HA","T","T","0",1,"syn"
"319",319,0,"t","InfluenzaBvirus_HA","S","P","1",0,"nonsyn"
"320",320,0,"c","InfluenzaBvirus_HA","S","F","1",0,"nonsyn"
"321",321,0.439444444444444,"t","InfluenzaBvirus_HA","S","S","0",1,"syn"
"322",322,0.000277777777777778,"g","InfluenzaBvirus_HA","G","R","1",0,"nonsyn"
"323",323,0,"g","InfluenzaBvirus_HA","G","E","1",0,"nonsyn"
"324",324,0.0402777777777778,"g","InfluenzaBvirus_HA","G","G","0",0,"syn"
"325",325,0,"t","InfluenzaBvirus_HA","C","R","1",1,"nonsyn"
"326",326,0.000555555555555556,"g","InfluenzaBvirus_HA","C","Y","1",0,"nonsyn"
"327",327,0.00777777777777778,"c","InfluenzaBvirus_HA","C","C","0",0,"syn"
"328",328,0.000555555555555556,"t","InfluenzaBvirus_HA","F","L","0",0,"nonsyn"
"329",329,0,"t","InfluenzaBvirus_HA","F","S","1",0,"nonsyn"
"330",330,0.123888888888889,"t","InfluenzaBvirus_HA","F","F","0",0,"syn"
"331",331,0.000555555555555556,"c","InfluenzaBvirus_HA","P","S","1",0,"nonsyn"
"332",332,0.000833333333333333,"c","InfluenzaBvirus_HA","P","L","1",0,"nonsyn"
"333",333,0.00333333333333333,"t","InfluenzaBvirus_HA","P","P","0",0,"syn"
"334",334,0.000833333333333333,"a","InfluenzaBvirus_HA","I","V","0",0,"nonsyn"
"335",335,0,"t","InfluenzaBvirus_HA","I","T","1",0,"nonsyn"
"336",336,0.000833333333333333,"a","InfluenzaBvirus_HA","I","M","0",0,"nonsyn"
"337",337,0.000833333333333333,"a","InfluenzaBvirus_HA","M","V","0",0,"nonsyn"
"338",338,0,"t","InfluenzaBvirus_HA","M","T","1",1,"nonsyn"
"339",339,0.00138888888888889,"g","InfluenzaBvirus_HA","M","I","0",0,"nonsyn"
"340",340,0,"c","InfluenzaBvirus_HA","H","Y","1",0,"nonsyn"
"341",341,0.000555555555555556,"a","InfluenzaBvirus_HA","H","R","0",1,"nonsyn"
"342",342,0.0152777777777778,"c","InfluenzaBvirus_HA","H","H","0",0,"syn"
"343",343,0.00138888888888889,"g","InfluenzaBvirus_HA","D","N","1",0,"nonsyn"
"344",344,0.000555555555555556,"a","InfluenzaBvirus_HA","D","G","1",0,"nonsyn"
"345",345,0.128611111111111,"c","InfluenzaBvirus_HA","D","D","0",0,"syn"
"346",346,0,"a","InfluenzaBvirus_HA","R","G","1",1,"nonsyn"
"347",347,0.000833333333333333,"g","InfluenzaBvirus_HA","R","K","0",0,"nonsyn"
"348",348,0.00861111111111111,"a","InfluenzaBvirus_HA","R","R","0",0,"syn"
"349",349,0.000555555555555556,"a","InfluenzaBvirus_HA","T","A","1",0,"nonsyn"
"350",350,0.000277777777777778,"c","InfluenzaBvirus_HA","T","I","1",0,"nonsyn"
"351",351,0.000833333333333333,"a","InfluenzaBvirus_HA","T","T","0",1,"syn"
"352",352,0.000277777777777778,"a","InfluenzaBvirus_HA","K","E","1",0,"nonsyn"
"353",353,0.000277777777777778,"a","InfluenzaBvirus_HA","K","R","0",0,"nonsyn"
"354",354,0.00694444444444444,"a","InfluenzaBvirus_HA","K","K","0",0,"syn"
"355",355,0.000833333333333333,"a","InfluenzaBvirus_HA","I","V","0",0,"nonsyn"
"356",356,0,"t","InfluenzaBvirus_HA","I","T","1",0,"nonsyn"
"357",357,0.439444444444444,"t","InfluenzaBvirus_HA","I","I","0",0,"syn"
"358",358,0,"a","InfluenzaBvirus_HA","R","G","1",0,"nonsyn"
"359",359,0.000555555555555556,"g","InfluenzaBvirus_HA","R","K","0",0,"nonsyn"
"360",360,0.378333333333333,"a","InfluenzaBvirus_HA","R","R","0",0,"syn"
"361",361,0,"c","InfluenzaBvirus_HA","Q","*","1",0,"nonsense"
"362",362,0,"a","InfluenzaBvirus_HA","Q","R","1",1,"nonsyn"
"363",363,0.3925,"g","InfluenzaBvirus_HA","Q","Q","0",0,"syn"
"364",364,0.00222222222222222,"c","InfluenzaBvirus_HA","L","L","0",0,"syn"
"365",365,0,"t","InfluenzaBvirus_HA","L","P","1",1,"nonsyn"
"366",366,0.439444444444444,"g","InfluenzaBvirus_HA","L","L","0",0,"syn"
"367",367,0.000555555555555556,"c","InfluenzaBvirus_HA","P","S","1",0,"nonsyn"
"368",368,0,"c","InfluenzaBvirus_HA","P","L","1",0,"nonsyn"
"369",369,0.477222222222222,"c","InfluenzaBvirus_HA","P","P","0",0,"syn"
"370",370,0.000277777777777778,"a","InfluenzaBvirus_HA","N","D","1",1,"nonsyn"
"371",371,0.000277777777777778,"a","InfluenzaBvirus_HA","N","S","0",0,"nonsyn"
"372",372,0.485555555555556,"c","InfluenzaBvirus_HA","N","N","0",0,"syn"
"373",373,0.000833333333333333,"c","InfluenzaBvirus_HA","L","F","0",0,"nonsyn"
"374",374,0,"t","InfluenzaBvirus_HA","L","P","1",0,"nonsyn"
"375",375,0.00194444444444444,"t","InfluenzaBvirus_HA","L","L","0",0,"syn"
"376",376,0.000277777777777778,"c","InfluenzaBvirus_HA","L","F","0",0,"nonsyn"
"377",377,0,"t","InfluenzaBvirus_HA","L","P","1",0,"nonsyn"
"378",378,0.000555555555555556,"c","InfluenzaBvirus_HA","L","L","0",0,"syn"
"379",379,0,"a","InfluenzaBvirus_HA","R","G","1",1,"nonsyn"
"380",380,0,"g","InfluenzaBvirus_HA","R","K","0",0,"nonsyn"
"381",381,0.00111111111111111,"a","InfluenzaBvirus_HA","R","R","0",0,"syn"
"382",382,0.000277777777777778,"g","InfluenzaBvirus_HA","G","R","1",0,"nonsyn"
"383",383,0.000833333333333333,"g","InfluenzaBvirus_HA","G","E","1",0,"nonsyn"
"384",384,0.00694444444444444,"a","InfluenzaBvirus_HA","G","G","0",0,"syn"
"385",385,0,"t","InfluenzaBvirus_HA","Y","H","1",0,"nonsyn"
"386",386,0.000277777777777778,"a","InfluenzaBvirus_HA","Y","C","1",0,"nonsyn"
"387",387,0.451388888888889,"c","InfluenzaBvirus_HA","Y","Y","0",0,"syn"
"388",388,0.000277777777777778,"g","InfluenzaBvirus_HA","E","K","1",0,"nonsyn"
"389",389,0,"a","InfluenzaBvirus_HA","E","G","1",0,"nonsyn"
"390",390,0.000833333333333333,"a","InfluenzaBvirus_HA","E","E","0",0,"syn"
"391",391,0.000833333333333333,"c","InfluenzaBvirus_HA","H","Y","1",0,"nonsyn"
"392",392,0.00305555555555556,"a","InfluenzaBvirus_HA","H","R","0",1,"nonsyn"
"393",393,0.00777777777777778,"t","InfluenzaBvirus_HA","H","H","0",0,"syn"
"394",394,0.00111111111111111,"a","InfluenzaBvirus_HA","I","V","0",0,"nonsyn"
"395",395,0,"t","InfluenzaBvirus_HA","I","T","1",0,"nonsyn"
"396",396,0.0105555555555556,"c","InfluenzaBvirus_HA","I","I","0",0,"syn"
"397",397,0,"a","InfluenzaBvirus_HA","R","G","1",1,"nonsyn"
"398",398,0.00111111111111111,"g","InfluenzaBvirus_HA","R","K","0",0,"nonsyn"
"399",399,0.153888888888889,"g","InfluenzaBvirus_HA","R","R","0",0,"syn"
"400",400,0.0555555555555556,"t","InfluenzaBvirus_HA","L","L","0",0,"syn"
"401",401,0.000555555555555556,"t","InfluenzaBvirus_HA","L","S","1",0,"nonsyn"
"402",402,0.0122222222222222,"a","InfluenzaBvirus_HA","L","L","0",0,"syn"
"403",403,0.000833333333333333,"t","InfluenzaBvirus_HA","S","P","1",0,"nonsyn"
"404",404,0.000833333333333333,"c","InfluenzaBvirus_HA","S","L","1",0,"nonsyn"
"405",405,0.00111111111111111,"a","InfluenzaBvirus_HA","S","S","0",1,"syn"
"406",406,0.00444444444444444,"a","InfluenzaBvirus_HA","T","A","1",0,"nonsyn"
"407",407,0.00277777777777778,"c","InfluenzaBvirus_HA","T","I","1",0,"nonsyn"
"408",408,0.455833333333333,"t","InfluenzaBvirus_HA","T","T","0",0,"syn"
"409",409,0.00111111111111111,"c","InfluenzaBvirus_HA","H","Y","1",0,"nonsyn"
"410",410,0.00166666666666667,"a","InfluenzaBvirus_HA","H","R","0",1,"nonsyn"
"411",411,0.0905555555555556,"t","InfluenzaBvirus_HA","H","H","0",0,"syn"
"412",412,0.000555555555555556,"a","InfluenzaBvirus_HA","N","D","1",0,"nonsyn"
"413",413,0.000555555555555556,"a","InfluenzaBvirus_HA","N","S","0",0,"nonsyn"
"414",414,0.00833333333333333,"c","InfluenzaBvirus_HA","N","N","0",0,"syn"
"415",415,0.000833333333333333,"g","InfluenzaBvirus_HA","V","I","0",0,"nonsyn"
"416",416,0.00138888888888889,"t","InfluenzaBvirus_HA","V","A","0",0,"nonsyn"
"417",417,0.0547222222222222,"t","InfluenzaBvirus_HA","V","V","0",0,"syn"
"418",418,0.00388888888888889,"a","InfluenzaBvirus_HA","I","V","0",0,"nonsyn"
"419",419,0,"t","InfluenzaBvirus_HA","I","T","1",0,"nonsyn"
"420",420,0.0111111111111111,"c","InfluenzaBvirus_HA","I","I","0",0,"syn"
"421",421,0.400833333333333,"a","InfluenzaBvirus_HA","N","D","1",1,"nonsyn"
"422",422,0.000277777777777778,"a","InfluenzaBvirus_HA","N","S","0",0,"nonsyn"
"423",423,0.0561111111111111,"t","InfluenzaBvirus_HA","N","N","0",1,"syn"
"424",424,0.00833333333333333,"g","InfluenzaBvirus_HA","A","T","1",0,"nonsyn"
"425",425,0.00361111111111111,"c","InfluenzaBvirus_HA","A","V","0",0,"nonsyn"
"426",426,0.0533333333333333,"a","InfluenzaBvirus_HA","A","A","0",1,"syn"
"427",427,0.00305555555555556,"g","InfluenzaBvirus_HA","E","K","1",0,"nonsyn"
"428",428,0.00138888888888889,"a","InfluenzaBvirus_HA","E","G","1",0,"nonsyn"
"429",429,0.00277777777777778,"a","InfluenzaBvirus_HA","E","E","0",0,"syn"
"430",430,0.0263888888888889,"a","InfluenzaBvirus_HA","N","D","1",0,"nonsyn"
"431",431,0.0152777777777778,"a","InfluenzaBvirus_HA","N","S","0",0,"nonsyn"
"432",432,0.00888888888888889,"t","InfluenzaBvirus_HA","N","N","0",1,"syn"
"433",433,0,"g","InfluenzaBvirus_HA","A","T","1",0,"nonsyn"
"434",434,0,"c","InfluenzaBvirus_HA","A","V","0",0,"nonsyn"
"435",435,0.00916666666666667,"a","InfluenzaBvirus_HA","A","A","0",1,"syn"
"436",436,0.000833333333333333,"c","InfluenzaBvirus_HA","P","S","1",0,"nonsyn"
"437",437,0.000833333333333333,"c","InfluenzaBvirus_HA","P","L","1",0,"nonsyn"
"438",438,0.0175,"a","InfluenzaBvirus_HA","P","P","0",1,"syn"
"439",439,0.000555555555555556,"g","InfluenzaBvirus_HA","G","R","1",0,"nonsyn"
"440",440,0,"g","InfluenzaBvirus_HA","G","E","1",0,"nonsyn"
"441",441,0.000277777777777778,"a","InfluenzaBvirus_HA","G","G","0",0,"syn"
"442",442,0,"g","InfluenzaBvirus_HA","G","R","1",0,"nonsyn"
"443",443,0,"g","InfluenzaBvirus_HA","G","E","1",0,"nonsyn"
"444",444,0.00388888888888889,"a","InfluenzaBvirus_HA","G","G","0",0,"syn"
"445",445,0.000277777777777778,"c","InfluenzaBvirus_HA","P","S","1",0,"nonsyn"
"446",446,0.000555555555555556,"c","InfluenzaBvirus_HA","P","L","1",0,"nonsyn"
"447",447,0.00277777777777778,"c","InfluenzaBvirus_HA","P","P","0",0,"syn"
"448",448,0,"t","InfluenzaBvirus_HA","Y","H","1",0,"nonsyn"
"449",449,0,"a","InfluenzaBvirus_HA","Y","C","1",0,"nonsyn"
"450",450,0.0111111111111111,"c","InfluenzaBvirus_HA","Y","Y","0",0,"syn"
"451",451,0,"a","InfluenzaBvirus_HA","K","E","1",1,"nonsyn"
"452",452,0.436388888888889,"a","InfluenzaBvirus_HA","K","R","0",0,"nonsyn"
"453",453,0.00166666666666667,"a","InfluenzaBvirus_HA","K","K","0",0,"syn"
"454",454,0.000555555555555556,"a","InfluenzaBvirus_HA","I","V","0",0,"nonsyn"
"455",455,0.00111111111111111,"t","InfluenzaBvirus_HA","I","T","1",0,"nonsyn"
"456",456,0.000555555555555556,"t","InfluenzaBvirus_HA","I","I","0",1,"syn"
"457",457,0.000277777777777778,"g","InfluenzaBvirus_HA","G","R","1",0,"nonsyn"
"458",458,0.000833333333333333,"g","InfluenzaBvirus_HA","G","E","1",0,"nonsyn"
"459",459,0.00805555555555556,"a","InfluenzaBvirus_HA","G","G","0",0,"syn"
"460",460,0,"a","InfluenzaBvirus_HA","T","A","1",0,"nonsyn"
"461",461,0,"c","InfluenzaBvirus_HA","T","I","1",0,"nonsyn"
"462",462,0.0211111111111111,"c","InfluenzaBvirus_HA","T","T","0",0,"syn"
"463",463,0,"t","InfluenzaBvirus_HA","S","P","1",0,"nonsyn"
"464",464,0,"c","InfluenzaBvirus_HA","S","L","1",0,"nonsyn"
"465",465,0.00222222222222222,"a","InfluenzaBvirus_HA","S","S","0",1,"syn"
"466",466,0.00361111111111111,"g","InfluenzaBvirus_HA","G","R","1",0,"nonsyn"
"467",467,0.000277777777777778,"g","InfluenzaBvirus_HA","G","E","1",0,"nonsyn"
"468",468,0.44,"g","InfluenzaBvirus_HA","G","G","0",0,"syn"
"469",469,0,"t","InfluenzaBvirus_HA","S","P","1",0,"nonsyn"
"470",470,0.000277777777777778,"c","InfluenzaBvirus_HA","S","F","1",0,"nonsyn"
"471",471,0.0105555555555556,"t","InfluenzaBvirus_HA","S","S","0",0,"syn"
"472",472,0,"t","InfluenzaBvirus_HA","C","R","1",1,"nonsyn"
"473",473,0,"g","InfluenzaBvirus_HA","C","Y","1",0,"nonsyn"
"474",474,0.00361111111111111,"c","InfluenzaBvirus_HA","C","C","0",0,"syn"
"475",475,0.000277777777777778,"c","InfluenzaBvirus_HA","P","S","1",0,"nonsyn"
"476",476,0.00527777777777778,"c","InfluenzaBvirus_HA","P","L","1",0,"nonsyn"
"477",477,0.00305555555555556,"t","InfluenzaBvirus_HA","P","P","0",0,"syn"
"478",478,0.000555555555555556,"a","InfluenzaBvirus_HA","N","D","1",0,"nonsyn"
"479",479,0,"a","InfluenzaBvirus_HA","N","S","0",0,"nonsyn"
"480",480,0.0986111111111111,"c","InfluenzaBvirus_HA","N","N","0",0,"syn"
"481",481,0.153611111111111,"g","InfluenzaBvirus_HA","V","I","0",0,"nonsyn"
"482",482,0.433333333333333,"t","InfluenzaBvirus_HA","V","A","0",0,"nonsyn"
"483",483,0.00111111111111111,"t","InfluenzaBvirus_HA","V","V","0",0,"syn"
"484",484,0.000555555555555556,"a","InfluenzaBvirus_HA","T","A","1",0,"nonsyn"
"485",485,0.000555555555555556,"c","InfluenzaBvirus_HA","T","I","1",0,"nonsyn"
"486",486,0.00277777777777778,"c","InfluenzaBvirus_HA","T","T","0",0,"syn"
"487",487,0.000277777777777778,"a","InfluenzaBvirus_HA","N","D","1",1,"nonsyn"
"488",488,0.438055555555556,"a","InfluenzaBvirus_HA","N","S","0",0,"nonsyn"
"489",489,0.0116666666666667,"t","InfluenzaBvirus_HA","N","N","0",1,"syn"
"490",490,0.441111111111111,"g","InfluenzaBvirus_HA","G","R","1",0,"nonsyn"
"491",491,0.416111111111111,"g","InfluenzaBvirus_HA","G","E","1",0,"nonsyn"
"492",492,0.0463888888888889,"a","InfluenzaBvirus_HA","G","G","0",0,"syn"
"493",493,0.00111111111111111,"a","InfluenzaBvirus_HA","N","D","1",0,"nonsyn"
"494",494,0.318055555555556,"a","InfluenzaBvirus_HA","N","S","0",0,"nonsyn"
"495",495,0.00305555555555556,"c","InfluenzaBvirus_HA","N","N","0",0,"syn"
"496",496,0.000833333333333333,"g","InfluenzaBvirus_HA","G","R","1",0,"nonsyn"
"497",497,0.000277777777777778,"g","InfluenzaBvirus_HA","G","E","1",0,"nonsyn"
"498",498,0.00527777777777778,"a","InfluenzaBvirus_HA","G","G","0",0,"syn"
"499",499,0,"t","InfluenzaBvirus_HA","F","L","0",0,"nonsyn"
"500",500,0,"t","InfluenzaBvirus_HA","F","S","1",0,"nonsyn"
"501",501,0.134166666666667,"t","InfluenzaBvirus_HA","F","F","0",0,"syn"
"502",502,0,"t","InfluenzaBvirus_HA","F","L","0",0,"nonsyn"
"503",503,0,"t","InfluenzaBvirus_HA","F","S","1",0,"nonsyn"
"504",504,0.0608333333333333,"c","InfluenzaBvirus_HA","F","F","0",0,"syn"
"505",505,0.005,"g","InfluenzaBvirus_HA","A","T","1",0,"nonsyn"
"506",506,0.00138888888888889,"c","InfluenzaBvirus_HA","A","V","0",0,"nonsyn"
"507",507,0.00944444444444444,"a","InfluenzaBvirus_HA","A","A","0",1,"syn"
"508",508,0,"a","InfluenzaBvirus_HA","T","A","1",0,"nonsyn"
"509",509,0,"c","InfluenzaBvirus_HA","T","I","1",0,"nonsyn"
"510",510,0.000833333333333333,"a","InfluenzaBvirus_HA","T","T","0",1,"syn"
"511",511,0,"a","InfluenzaBvirus_HA","M","V","0",0,"nonsyn"
"512",512,0,"t","InfluenzaBvirus_HA","M","T","1",1,"nonsyn"
"513",513,0.000555555555555556,"g","InfluenzaBvirus_HA","M","I","0",0,"nonsyn"
"514",514,0.000555555555555556,"g","InfluenzaBvirus_HA","A","T","1",0,"nonsyn"
"515",515,0.000277777777777778,"c","InfluenzaBvirus_HA","A","V","0",0,"nonsyn"
"516",516,0.000555555555555556,"t","InfluenzaBvirus_HA","A","A","0",0,"syn"
"517",517,0,"t","InfluenzaBvirus_HA","W","R","1",1,"nonsyn"
"518",518,0,"g","InfluenzaBvirus_HA","W","*","1",0,"nonsense"
"519",519,0,"g","InfluenzaBvirus_HA","W","*","1",0,"nonsense"
"520",520,0.000277777777777778,"g","InfluenzaBvirus_HA","A","T","1",0,"nonsyn"
"521",521,0.00111111111111111,"c","InfluenzaBvirus_HA","A","V","0",0,"nonsyn"
"522",522,0.459166666666667,"c","InfluenzaBvirus_HA","A","A","0",0,"syn"
"523",523,0.00111111111111111,"g","InfluenzaBvirus_HA","V","I","0",0,"nonsyn"
"524",524,0.000833333333333333,"t","InfluenzaBvirus_HA","V","A","0",0,"nonsyn"
"525",525,0.00611111111111111,"c","InfluenzaBvirus_HA","V","V","0",0,"syn"
"526",526,0,"c","InfluenzaBvirus_HA","P","S","1",0,"nonsyn"
"527",527,0,"c","InfluenzaBvirus_HA","P","L","1",0,"nonsyn"
"528",528,0.0108333333333333,"a","InfluenzaBvirus_HA","P","P","0",1,"syn"
"529",529,0.000277777777777778,"a","InfluenzaBvirus_HA","K","E","1",0,"nonsyn"
"530",530,0.0463888888888889,"a","InfluenzaBvirus_HA","K","R","0",0,"nonsyn"
"531",531,0.448333333333333,"a","InfluenzaBvirus_HA","K","K","0",0,"syn"
"532",532,0.000833333333333333,"a","InfluenzaBvirus_HA","N","D","1",0,"nonsyn"
"533",533,0.000277777777777778,"a","InfluenzaBvirus_HA","N","S","0",0,"nonsyn"
"534",534,0.00222222222222222,"c","InfluenzaBvirus_HA","N","N","0",0,"syn"
"535",535,0.000277777777777778,"g","InfluenzaBvirus_HA","D","N","1",0,"nonsyn"
"536",536,0.00472222222222222,"a","InfluenzaBvirus_HA","D","G","1",0,"nonsyn"
"537",537,0.0113888888888889,"c","InfluenzaBvirus_HA","D","D","0",0,"syn"
"538",538,0.00111111111111111,"a","InfluenzaBvirus_HA","N","D","1",1,"nonsyn"
"539",539,0.000833333333333333,"a","InfluenzaBvirus_HA","N","S","0",0,"nonsyn"
"540",540,0.00138888888888889,"c","InfluenzaBvirus_HA","N","N","0",0,"syn"
"541",541,0,"a","InfluenzaBvirus_HA","N","D","1",1,"nonsyn"
"542",542,0.000555555555555556,"a","InfluenzaBvirus_HA","N","S","0",0,"nonsyn"
"543",543,0.00111111111111111,"c","InfluenzaBvirus_HA","N","N","0",0,"syn"
"544",544,0,"a","InfluenzaBvirus_HA","K","E","1",1,"nonsyn"
"545",545,0.000277777777777778,"a","InfluenzaBvirus_HA","K","R","0",0,"nonsyn"
"546",546,0.00111111111111111,"a","InfluenzaBvirus_HA","K","K","0",0,"syn"
"547",547,0.00166666666666667,"a","InfluenzaBvirus_HA","T","A","1",0,"nonsyn"
"548",548,0,"c","InfluenzaBvirus_HA","T","I","1",0,"nonsyn"
"549",549,0.00138888888888889,"a","InfluenzaBvirus_HA","T","T","0",1,"syn"
"550",550,0.000833333333333333,"g","InfluenzaBvirus_HA","A","T","1",0,"nonsyn"
"551",551,0.000833333333333333,"c","InfluenzaBvirus_HA","A","V","0",0,"nonsyn"
"552",552,0.0108333333333333,"a","InfluenzaBvirus_HA","A","A","0",1,"syn"
"553",553,0,"a","InfluenzaBvirus_HA","T","A","1",0,"nonsyn"
"554",554,0.0025,"c","InfluenzaBvirus_HA","T","I","1",0,"nonsyn"
"555",555,0.436944444444444,"a","InfluenzaBvirus_HA","T","T","0",1,"syn"
"556",556,0.00527777777777778,"a","InfluenzaBvirus_HA","N","D","1",0,"nonsyn"
"557",557,0.000277777777777778,"a","InfluenzaBvirus_HA","N","S","0",0,"nonsyn"
"558",558,0.409166666666667,"t","InfluenzaBvirus_HA","N","N","0",0,"syn"
"559",559,0.168611111111111,"c","InfluenzaBvirus_HA","P","S","1",0,"nonsyn"
"560",560,0.000555555555555556,"c","InfluenzaBvirus_HA","P","L","1",0,"nonsyn"
"561",561,0.00138888888888889,"a","InfluenzaBvirus_HA","P","P","0",1,"syn"
"562",562,0.323888888888889,"t","InfluenzaBvirus_HA","L","L","0",0,"syn"
"563",563,0,"t","InfluenzaBvirus_HA","L","S","1",0,"nonsyn"
"564",564,0.0183333333333333,"a","InfluenzaBvirus_HA","L","L","0",0,"syn"
"565",565,0,"a","InfluenzaBvirus_HA","T","A","1",0,"nonsyn"
"566",566,0,"c","InfluenzaBvirus_HA","T","I","1",0,"nonsyn"
"567",567,0.00305555555555556,"a","InfluenzaBvirus_HA","T","T","0",1,"syn"
"568",568,0.44,"a","InfluenzaBvirus_HA","I","V","0",0,"nonsyn"
"569",569,0.000277777777777778,"t","InfluenzaBvirus_HA","I","T","1",0,"nonsyn"
"570",570,0.0169444444444444,"a","InfluenzaBvirus_HA","I","M","0",0,"nonsyn"
"571",571,0.000833333333333333,"g","InfluenzaBvirus_HA","E","K","1",0,"nonsyn"
"572",572,0,"a","InfluenzaBvirus_HA","E","G","1",0,"nonsyn"
"573",573,0.0247222222222222,"a","InfluenzaBvirus_HA","E","E","0",0,"syn"
"574",574,0.000833333333333333,"g","InfluenzaBvirus_HA","V","I","0",0,"nonsyn"
"575",575,0,"t","InfluenzaBvirus_HA","V","A","0",0,"nonsyn"
"576",576,0.0172222222222222,"a","InfluenzaBvirus_HA","V","V","0",0,"syn"
"577",577,0.000277777777777778,"c","InfluenzaBvirus_HA","P","S","1",0,"nonsyn"
"578",578,0,"c","InfluenzaBvirus_HA","P","L","1",0,"nonsyn"
"579",579,0.00972222222222222,"a","InfluenzaBvirus_HA","P","P","0",1,"syn"
"580",580,0.03,"t","InfluenzaBvirus_HA","Y","H","1",0,"nonsyn"
"581",581,0.000277777777777778,"a","InfluenzaBvirus_HA","Y","C","1",0,"nonsyn"
"582",582,0.0105555555555556,"c","InfluenzaBvirus_HA","Y","Y","0",0,"syn"
"583",583,0.0138888888888889,"a","InfluenzaBvirus_HA","I","V","0",1,"nonsyn"
"584",584,0.000277777777777778,"t","InfluenzaBvirus_HA","I","T","1",0,"nonsyn"
"585",585,0.0391666666666667,"t","InfluenzaBvirus_HA","I","I","0",0,"syn"
"586",586,0.000555555555555556,"t","InfluenzaBvirus_HA","C","R","1",1,"nonsyn"
"587",587,0,"g","InfluenzaBvirus_HA","C","Y","1",0,"nonsyn"
"588",588,0.0108333333333333,"t","InfluenzaBvirus_HA","C","C","0",0,"syn"
"589",589,0.127777777777778,"a","InfluenzaBvirus_HA","T","A","1",0,"nonsyn"
"590",590,0.00166666666666667,"c","InfluenzaBvirus_HA","T","I","1",0,"nonsyn"
"591",591,0.00666666666666667,"a","InfluenzaBvirus_HA","T","T","0",1,"syn"
"592",592,0.0458333333333333,"g","InfluenzaBvirus_HA","E","K","1",0,"nonsyn"
"593",593,0.00333333333333333,"a","InfluenzaBvirus_HA","E","G","1",0,"nonsyn"
"594",594,0.0108333333333333,"a","InfluenzaBvirus_HA","E","E","0",0,"syn"
"595",595,0.000277777777777778,"g","InfluenzaBvirus_HA","G","R","1",0,"nonsyn"
"596",596,0.0416666666666667,"g","InfluenzaBvirus_HA","G","E","1",0,"nonsyn"
"597",597,0.296944444444444,"a","InfluenzaBvirus_HA","G","G","0",0,"syn"
"598",598,0,"g","InfluenzaBvirus_HA","E","K","1",0,"nonsyn"
"599",599,0,"a","InfluenzaBvirus_HA","E","G","1",0,"nonsyn"
"600",600,0.0025,"a","InfluenzaBvirus_HA","E","E","0",0,"syn"
"601",601,0,"g","InfluenzaBvirus_HA","D","N","1",0,"nonsyn"
"602",602,0.000555555555555556,"a","InfluenzaBvirus_HA","D","G","1",0,"nonsyn"
"603",603,0.0111111111111111,"c","InfluenzaBvirus_HA","D","D","0",0,"syn"
"604",604,0,"c","InfluenzaBvirus_HA","Q","*","1",0,"nonsense"
"605",605,0,"a","InfluenzaBvirus_HA","Q","R","1",1,"nonsyn"
"606",606,0.00972222222222222,"a","InfluenzaBvirus_HA","Q","Q","0",0,"syn"
"607",607,0.000277777777777778,"a","InfluenzaBvirus_HA","I","V","0",0,"nonsyn"
"608",608,0,"t","InfluenzaBvirus_HA","I","T","1",0,"nonsyn"
"609",609,0.0530555555555556,"t","InfluenzaBvirus_HA","I","I","0",0,"syn"
"610",610,0.0180555555555556,"a","InfluenzaBvirus_HA","T","A","1",0,"nonsyn"
"611",611,0.000277777777777778,"c","InfluenzaBvirus_HA","T","I","1",0,"nonsyn"
"612",612,0.441944444444444,"c","InfluenzaBvirus_HA","T","T","0",0,"syn"
"613",613,0.0319444444444444,"g","InfluenzaBvirus_HA","V","I","0",0,"nonsyn"
"614",614,0,"t","InfluenzaBvirus_HA","V","A","0",0,"nonsyn"
"615",615,0.00277777777777778,"t","InfluenzaBvirus_HA","V","V","0",0,"syn"
"616",616,0,"t","InfluenzaBvirus_HA","W","R","1",1,"nonsyn"
"617",617,0,"g","InfluenzaBvirus_HA","W","*","1",0,"nonsense"
"618",618,0,"g","InfluenzaBvirus_HA","W","*","1",0,"nonsense"
"619",619,0,"g","InfluenzaBvirus_HA","G","R","1",0,"nonsyn"
"620",620,0,"g","InfluenzaBvirus_HA","G","E","1",0,"nonsyn"
"621",621,0.0191666666666667,"g","InfluenzaBvirus_HA","G","G","0",0,"syn"
"622",622,0,"t","InfluenzaBvirus_HA","F","L","0",0,"nonsyn"
"623",623,0,"t","InfluenzaBvirus_HA","F","S","1",0,"nonsyn"
"624",624,0.0119444444444444,"c","InfluenzaBvirus_HA","F","F","0",0,"syn"
"625",625,0,"c","InfluenzaBvirus_HA","H","Y","1",0,"nonsyn"
"626",626,0,"a","InfluenzaBvirus_HA","H","R","0",1,"nonsyn"
"627",627,0.454722222222222,"c","InfluenzaBvirus_HA","H","H","0",0,"syn"
"628",628,0,"t","InfluenzaBvirus_HA","S","P","1",0,"nonsyn"
"629",629,0.000833333333333333,"c","InfluenzaBvirus_HA","S","F","1",0,"nonsyn"
"630",630,0.0111111111111111,"t","InfluenzaBvirus_HA","S","S","0",1,"syn"
"631",631,0.000833333333333333,"g","InfluenzaBvirus_HA","D","N","1",0,"nonsyn"
"632",632,0,"a","InfluenzaBvirus_HA","D","G","1",0,"nonsyn"
"633",633,0.275833333333333,"t","InfluenzaBvirus_HA","D","D","0",0,"syn"
"634",634,0.0141666666666667,"a","InfluenzaBvirus_HA","N","D","1",0,"nonsyn"
"635",635,0.0116666666666667,"a","InfluenzaBvirus_HA","N","S","0",0,"nonsyn"
"636",636,0.0866666666666667,"c","InfluenzaBvirus_HA","N","N","0",0,"syn"
"637",637,0.441666666666667,"g","InfluenzaBvirus_HA","E","K","1",0,"nonsyn"
"638",638,0.000833333333333333,"a","InfluenzaBvirus_HA","E","G","1",0,"nonsyn"
"639",639,0.352777777777778,"a","InfluenzaBvirus_HA","E","E","0",0,"syn"
"640",640,0.0163888888888889,"a","InfluenzaBvirus_HA","T","A","1",0,"nonsyn"
"641",641,0.0277777777777778,"c","InfluenzaBvirus_HA","T","I","1",0,"nonsyn"
"642",642,0.00361111111111111,"c","InfluenzaBvirus_HA","T","T","0",0,"syn"
"643",643,0,"c","InfluenzaBvirus_HA","Q","*","1",0,"nonsense"
"644",644,0,"a","InfluenzaBvirus_HA","Q","R","1",1,"nonsyn"
"645",645,0.0102777777777778,"a","InfluenzaBvirus_HA","Q","Q","0",0,"syn"
"646",646,0,"a","InfluenzaBvirus_HA","M","V","0",0,"nonsyn"
"647",647,0,"t","InfluenzaBvirus_HA","M","T","1",1,"nonsyn"
"648",648,0,"g","InfluenzaBvirus_HA","M","I","0",0,"nonsyn"
"649",649,0.440555555555556,"g","InfluenzaBvirus_HA","A","T","1",0,"nonsyn"
"650",650,0.00222222222222222,"c","InfluenzaBvirus_HA","A","V","0",0,"nonsyn"
"651",651,0.398888888888889,"a","InfluenzaBvirus_HA","A","A","0",1,"syn"
"652",652,0,"a","InfluenzaBvirus_HA","K","E","1",0,"nonsyn"
"653",653,0.0208333333333333,"a","InfluenzaBvirus_HA","K","R","0",0,"nonsyn"
"654",654,0.0777777777777778,"g","InfluenzaBvirus_HA","K","K","0",0,"syn"
"655",655,0,"c","InfluenzaBvirus_HA","L","F","0",0,"nonsyn"
"656",656,0.000555555555555556,"t","InfluenzaBvirus_HA","L","P","1",0,"nonsyn"
"657",657,0.0113888888888889,"c","InfluenzaBvirus_HA","L","L","0",0,"syn"
"658",658,0,"t","InfluenzaBvirus_HA","Y","H","1",0,"nonsyn"
"659",659,0,"a","InfluenzaBvirus_HA","Y","C","1",0,"nonsyn"
"660",660,0.0025,"t","InfluenzaBvirus_HA","Y","Y","0",1,"syn"
"661",661,0.000277777777777778,"g","InfluenzaBvirus_HA","G","R","1",0,"nonsyn"
"662",662,0.000277777777777778,"g","InfluenzaBvirus_HA","G","E","1",0,"nonsyn"
"663",663,0.4425,"g","InfluenzaBvirus_HA","G","G","0",0,"syn"
"664",664,0.000277777777777778,"g","InfluenzaBvirus_HA","D","N","1",0,"nonsyn"
"665",665,0,"a","InfluenzaBvirus_HA","D","G","1",0,"nonsyn"
"666",666,0.0127777777777778,"c","InfluenzaBvirus_HA","D","D","0",0,"syn"
"667",667,0.00222222222222222,"t","InfluenzaBvirus_HA","S","P","1",0,"nonsyn"
"668",668,0,"c","InfluenzaBvirus_HA","S","L","1",0,"nonsyn"
"669",669,0.00111111111111111,"a","InfluenzaBvirus_HA","S","S","0",1,"syn"
"670",670,0.00138888888888889,"a","InfluenzaBvirus_HA","K","E","1",0,"nonsyn"
"671",671,0.000277777777777778,"a","InfluenzaBvirus_HA","K","R","0",0,"nonsyn"
"672",672,0.01,"g","InfluenzaBvirus_HA","K","K","0",0,"syn"
"673",673,0,"c","InfluenzaBvirus_HA","P","S","1",0,"nonsyn"
"674",674,0,"c","InfluenzaBvirus_HA","P","L","1",0,"nonsyn"
"675",675,0.444444444444444,"c","InfluenzaBvirus_HA","P","P","0",0,"syn"
"676",676,0.000277777777777778,"c","InfluenzaBvirus_HA","Q","*","1",0,"nonsense"
"677",677,0,"a","InfluenzaBvirus_HA","Q","R","1",1,"nonsyn"
"678",678,0.440277777777778,"g","InfluenzaBvirus_HA","Q","Q","0",0,"syn"
"679",679,0.000277777777777778,"a","InfluenzaBvirus_HA","K","E","1",0,"nonsyn"
"680",680,0.00222222222222222,"a","InfluenzaBvirus_HA","K","R","0",0,"nonsyn"
"681",681,0.0180555555555556,"g","InfluenzaBvirus_HA","K","K","0",0,"syn"
"682",682,0,"t","InfluenzaBvirus_HA","F","L","0",0,"nonsyn"
"683",683,0,"t","InfluenzaBvirus_HA","F","S","1",0,"nonsyn"
"684",684,0.0108333333333333,"c","InfluenzaBvirus_HA","F","F","0",0,"syn"
"685",685,0,"a","InfluenzaBvirus_HA","T","A","1",1,"nonsyn"
"686",686,0,"c","InfluenzaBvirus_HA","T","I","1",0,"nonsyn"
"687",687,0.00666666666666667,"c","InfluenzaBvirus_HA","T","T","0",0,"syn"
"688",688,0,"t","InfluenzaBvirus_HA","S","P","1",0,"nonsyn"
"689",689,0.000277777777777778,"c","InfluenzaBvirus_HA","S","L","1",0,"nonsyn"
"690",690,0.00194444444444444,"a","InfluenzaBvirus_HA","S","S","0",1,"syn"
"691",691,0,"t","InfluenzaBvirus_HA","S","P","1",0,"nonsyn"
"692",692,0.00111111111111111,"c","InfluenzaBvirus_HA","S","F","1",0,"nonsyn"
"693",693,0.01,"t","InfluenzaBvirus_HA","S","S","0",1,"syn"
"694",694,0.00111111111111111,"g","InfluenzaBvirus_HA","A","T","1",0,"nonsyn"
"695",695,0.000555555555555556,"c","InfluenzaBvirus_HA","A","V","0",0,"nonsyn"
"696",696,0.431666666666667,"c","InfluenzaBvirus_HA","A","A","0",0,"syn"
"697",697,0.000555555555555556,"a","InfluenzaBvirus_HA","N","D","1",1,"nonsyn"
"698",698,0.00194444444444444,"a","InfluenzaBvirus_HA","N","S","0",0,"nonsyn"
"699",699,0.445555555555556,"c","InfluenzaBvirus_HA","N","N","0",0,"syn"
"700",700,0,"g","InfluenzaBvirus_HA","G","R","1",0,"nonsyn"
"701",701,0,"g","InfluenzaBvirus_HA","G","E","1",0,"nonsyn"
"702",702,0.00388888888888889,"a","InfluenzaBvirus_HA","G","G","0",0,"syn"
"703",703,0.0244444444444444,"g","InfluenzaBvirus_HA","V","M","0",0,"nonsyn"
"704",704,0.000833333333333333,"t","InfluenzaBvirus_HA","V","A","0",1,"nonsyn"
"705",705,0.438611111111111,"g","InfluenzaBvirus_HA","V","V","0",0,"syn"
"706",706,0.00111111111111111,"a","InfluenzaBvirus_HA","T","A","1",0,"nonsyn"
"707",707,0.000555555555555556,"c","InfluenzaBvirus_HA","T","I","1",0,"nonsyn"
"708",708,0.00222222222222222,"c","InfluenzaBvirus_HA","T","T","0",0,"syn"
"709",709,0.00305555555555556,"a","InfluenzaBvirus_HA","T","A","1",1,"nonsyn"
"710",710,0,"c","InfluenzaBvirus_HA","T","I","1",0,"nonsyn"
"711",711,0.00222222222222222,"a","InfluenzaBvirus_HA","T","T","0",1,"syn"
"712",712,0,"c","InfluenzaBvirus_HA","H","Y","1",0,"nonsyn"
"713",713,0,"a","InfluenzaBvirus_HA","H","R","0",1,"nonsyn"
"714",714,0.0536111111111111,"t","InfluenzaBvirus_HA","H","H","0",0,"syn"
"715",715,0.000277777777777778,"t","InfluenzaBvirus_HA","Y","H","1",0,"nonsyn"
"716",716,0,"a","InfluenzaBvirus_HA","Y","C","1",0,"nonsyn"
"717",717,0.454166666666667,"c","InfluenzaBvirus_HA","Y","Y","0",0,"syn"
"718",718,0.0205555555555556,"g","InfluenzaBvirus_HA","V","I","0",0,"nonsyn"
"719",719,0.000277777777777778,"t","InfluenzaBvirus_HA","V","A","0",0,"nonsyn"
"720",720,0.000555555555555556,"t","InfluenzaBvirus_HA","V","V","0",0,"syn"
"721",721,0,"t","InfluenzaBvirus_HA","S","P","1",0,"nonsyn"
"722",722,0,"c","InfluenzaBvirus_HA","S","L","1",0,"nonsyn"
"723",723,0.00166666666666667,"a","InfluenzaBvirus_HA","S","S","0",1,"syn"
"724",724,0,"c","InfluenzaBvirus_HA","Q","*","1",0,"nonsense"
"725",725,0,"a","InfluenzaBvirus_HA","Q","R","1",1,"nonsyn"
"726",726,0.0108333333333333,"g","InfluenzaBvirus_HA","Q","Q","0",0,"syn"
"727",727,0.00444444444444444,"a","InfluenzaBvirus_HA","I","V","0",0,"nonsyn"
"728",728,0.00138888888888889,"t","InfluenzaBvirus_HA","I","T","1",0,"nonsyn"
"729",729,0.00305555555555556,"t","InfluenzaBvirus_HA","I","I","0",1,"syn"
"730",730,0.00111111111111111,"g","InfluenzaBvirus_HA","G","S","1",0,"nonsyn"
"731",731,0.00138888888888889,"g","InfluenzaBvirus_HA","G","D","1",0,"nonsyn"
"732",732,0.434444444444444,"t","InfluenzaBvirus_HA","G","G","0",1,"syn"
"733",733,0.0469444444444444,"g","InfluenzaBvirus_HA","G","S","1",0,"nonsyn"
"734",734,0.124444444444444,"g","InfluenzaBvirus_HA","G","D","1",0,"nonsyn"
"735",735,0.00472222222222222,"c","InfluenzaBvirus_HA","G","G","0",0,"syn"
"736",736,0.000555555555555556,"t","InfluenzaBvirus_HA","F","L","0",0,"nonsyn"
"737",737,0,"t","InfluenzaBvirus_HA","F","S","1",0,"nonsyn"
"738",738,0.0130555555555556,"c","InfluenzaBvirus_HA","F","F","0",0,"syn"
"739",739,0.00111111111111111,"c","InfluenzaBvirus_HA","P","S","1",0,"nonsyn"
"740",740,0.000277777777777778,"c","InfluenzaBvirus_HA","P","L","1",0,"nonsyn"
"741",741,0.0444444444444444,"a","InfluenzaBvirus_HA","P","P","0",1,"syn"
"742",742,0.433888888888889,"a","InfluenzaBvirus_HA","N","D","1",0,"nonsyn"
"743",743,0.000555555555555556,"a","InfluenzaBvirus_HA","N","S","0",0,"nonsyn"
"744",744,0.0336111111111111,"t","InfluenzaBvirus_HA","N","N","0",0,"syn"
"745",745,0,"c","InfluenzaBvirus_HA","Q","*","1",0,"nonsense"
"746",746,0.000833333333333333,"a","InfluenzaBvirus_HA","Q","R","1",1,"nonsyn"
"747",747,0.01,"a","InfluenzaBvirus_HA","Q","Q","0",0,"syn"
"748",748,0.00138888888888889,"a","InfluenzaBvirus_HA","T","A","1",0,"nonsyn"
"749",749,0.00138888888888889,"c","InfluenzaBvirus_HA","T","I","1",0,"nonsyn"
"750",750,0.00222222222222222,"a","InfluenzaBvirus_HA","T","T","0",1,"syn"
"751",751,0,"g","InfluenzaBvirus_HA","E","K","1",0,"nonsyn"
"752",752,0,"a","InfluenzaBvirus_HA","E","G","1",0,"nonsyn"
"753",753,0.00472222222222222,"a","InfluenzaBvirus_HA","E","E","0",0,"syn"
"754",754,0,"g","InfluenzaBvirus_HA","D","N","1",0,"nonsyn"
"755",755,0,"a","InfluenzaBvirus_HA","D","G","1",0,"nonsyn"
"756",756,0.0202777777777778,"c","InfluenzaBvirus_HA","D","D","0",0,"syn"
"757",757,0.000277777777777778,"g","InfluenzaBvirus_HA","G","R","1",0,"nonsyn"
"758",758,0.00138888888888889,"g","InfluenzaBvirus_HA","G","E","1",0,"nonsyn"
"759",759,0.0133333333333333,"a","InfluenzaBvirus_HA","G","G","0",0,"syn"
"760",760,0,"g","InfluenzaBvirus_HA","G","R","1",0,"nonsyn"
"761",761,0.000833333333333333,"g","InfluenzaBvirus_HA","G","E","1",0,"nonsyn"
"762",762,0.0488888888888889,"a","InfluenzaBvirus_HA","G","G","0",0,"syn"
"763",763,0.00138888888888889,"c","InfluenzaBvirus_HA","L","L","0",0,"syn"
"764",764,0.00111111111111111,"t","InfluenzaBvirus_HA","L","P","1",0,"nonsyn"
"765",765,0.0127777777777778,"a","InfluenzaBvirus_HA","L","L","0",0,"syn"
"766",766,0.000277777777777778,"c","InfluenzaBvirus_HA","P","S","1",0,"nonsyn"
"767",767,0,"c","InfluenzaBvirus_HA","P","L","1",0,"nonsyn"
"768",768,0.0102777777777778,"a","InfluenzaBvirus_HA","P","P","0",1,"syn"
"769",769,0.000833333333333333,"c","InfluenzaBvirus_HA","Q","*","1",0,"nonsense"
"770",770,0,"a","InfluenzaBvirus_HA","Q","R","1",1,"nonsyn"
"771",771,0.01,"a","InfluenzaBvirus_HA","Q","Q","0",0,"syn"
"772",772,0.000833333333333333,"a","InfluenzaBvirus_HA","S","G","1",0,"nonsyn"
"773",773,0.000277777777777778,"g","InfluenzaBvirus_HA","S","N","0",0,"nonsyn"
"774",774,0.446944444444444,"t","InfluenzaBvirus_HA","S","S","0",1,"syn"
"775",775,0.000555555555555556,"g","InfluenzaBvirus_HA","G","S","1",0,"nonsyn"
"776",776,0,"g","InfluenzaBvirus_HA","G","D","1",0,"nonsyn"
"777",777,0.446666666666667,"t","InfluenzaBvirus_HA","G","G","0",0,"syn"
"778",778,0,"a","InfluenzaBvirus_HA","R","G","1",0,"nonsyn"
"779",779,0,"g","InfluenzaBvirus_HA","R","K","0",0,"nonsyn"
"780",780,0.0516666666666667,"a","InfluenzaBvirus_HA","R","R","0",0,"syn"
"781",781,0.000555555555555556,"a","InfluenzaBvirus_HA","I","V","0",0,"nonsyn"
"782",782,0,"t","InfluenzaBvirus_HA","I","T","1",0,"nonsyn"
"783",783,0,"t","InfluenzaBvirus_HA","I","I","0",1,"syn"
"784",784,0.00194444444444444,"g","InfluenzaBvirus_HA","V","I","0",0,"nonsyn"
"785",785,0,"t","InfluenzaBvirus_HA","V","A","0",0,"nonsyn"
"786",786,0.176388888888889,"t","InfluenzaBvirus_HA","V","V","0",1,"syn"
"787",787,0.000833333333333333,"g","InfluenzaBvirus_HA","V","I","0",0,"nonsyn"
"788",788,0.000555555555555556,"t","InfluenzaBvirus_HA","V","A","0",0,"nonsyn"
"789",789,0.000833333333333333,"t","InfluenzaBvirus_HA","V","V","0",1,"syn"
"790",790,0,"g","InfluenzaBvirus_HA","D","N","1",0,"nonsyn"
"791",791,0,"a","InfluenzaBvirus_HA","D","G","1",0,"nonsyn"
"792",792,0.00833333333333333,"t","InfluenzaBvirus_HA","D","D","0",0,"syn"
"793",793,0.000277777777777778,"t","InfluenzaBvirus_HA","Y","H","1",0,"nonsyn"
"794",794,0.000833333333333333,"a","InfluenzaBvirus_HA","Y","C","1",0,"nonsyn"
"795",795,0.0102777777777778,"c","InfluenzaBvirus_HA","Y","Y","0",0,"syn"
"796",796,0.000277777777777778,"a","InfluenzaBvirus_HA","M","V","0",1,"nonsyn"
"797",797,0.000833333333333333,"t","InfluenzaBvirus_HA","M","T","1",1,"nonsyn"
"798",798,0.00166666666666667,"g","InfluenzaBvirus_HA","M","I","0",0,"nonsyn"
"799",799,0.366388888888889,"g","InfluenzaBvirus_HA","V","M","0",0,"nonsyn"
"800",800,0,"t","InfluenzaBvirus_HA","V","A","0",1,"nonsyn"
"801",801,0.0138888888888889,"g","InfluenzaBvirus_HA","V","V","0",0,"syn"
"802",802,0,"c","InfluenzaBvirus_HA","Q","*","1",0,"nonsense"
"803",803,0,"a","InfluenzaBvirus_HA","Q","R","1",1,"nonsyn"
"804",804,0.0125,"a","InfluenzaBvirus_HA","Q","Q","0",0,"syn"
"805",805,0,"a","InfluenzaBvirus_HA","K","E","1",0,"nonsyn"
"806",806,0.00222222222222222,"a","InfluenzaBvirus_HA","K","R","0",0,"nonsyn"
"807",807,0.00305555555555556,"a","InfluenzaBvirus_HA","K","K","0",0,"syn"
"808",808,0.444444444444444,"t","InfluenzaBvirus_HA","S","P","1",0,"nonsyn"
"809",809,0,"c","InfluenzaBvirus_HA","S","F","1",0,"nonsyn"
"810",810,0.0102777777777778,"t","InfluenzaBvirus_HA","S","S","0",1,"syn"
"811",811,0.00972222222222222,"g","InfluenzaBvirus_HA","G","R","1",0,"nonsyn"
"812",812,0.00305555555555556,"g","InfluenzaBvirus_HA","G","E","1",0,"nonsyn"
"813",813,0.0358333333333333,"g","InfluenzaBvirus_HA","G","G","0",0,"syn"
"814",814,0.000833333333333333,"a","InfluenzaBvirus_HA","K","E","1",0,"nonsyn"
"815",815,0.00638888888888889,"a","InfluenzaBvirus_HA","K","R","0",0,"nonsyn"
"816",816,0.00111111111111111,"a","InfluenzaBvirus_HA","K","K","0",0,"syn"
"817",817,0.0025,"a","InfluenzaBvirus_HA","T","A","1",0,"nonsyn"
"818",818,0.000555555555555556,"c","InfluenzaBvirus_HA","T","I","1",0,"nonsyn"
"819",819,0.000833333333333333,"a","InfluenzaBvirus_HA","T","T","0",1,"syn"
"820",820,0.000277777777777778,"g","InfluenzaBvirus_HA","G","R","1",0,"nonsyn"
"821",821,0,"g","InfluenzaBvirus_HA","G","E","1",0,"nonsyn"
"822",822,0.00694444444444444,"a","InfluenzaBvirus_HA","G","G","0",0,"syn"
"823",823,0,"a","InfluenzaBvirus_HA","T","A","1",0,"nonsyn"
"824",824,0.00111111111111111,"c","InfluenzaBvirus_HA","T","I","1",0,"nonsyn"
"825",825,0.00111111111111111,"a","InfluenzaBvirus_HA","T","T","0",1,"syn"
"826",826,0.000277777777777778,"a","InfluenzaBvirus_HA","I","V","0",0,"nonsyn"
"827",827,0,"t","InfluenzaBvirus_HA","I","T","1",0,"nonsyn"
"828",828,0.000833333333333333,"t","InfluenzaBvirus_HA","I","I","0",0,"syn"
"829",829,0.4425,"a","InfluenzaBvirus_HA","T","A","1",0,"nonsyn"
"830",830,0.439444444444444,"c","InfluenzaBvirus_HA","T","I","1",0,"nonsyn"
"831",831,0.00222222222222222,"c","InfluenzaBvirus_HA","T","T","0",0,"syn"
"832",832,0,"t","InfluenzaBvirus_HA","Y","H","1",0,"nonsyn"
"833",833,0,"a","InfluenzaBvirus_HA","Y","C","1",0,"nonsyn"
"834",834,0.0547222222222222,"t","InfluenzaBvirus_HA","Y","Y","0",0,"syn"
"835",835,0,"c","InfluenzaBvirus_HA","Q","*","1",0,"nonsense"
"836",836,0,"a","InfluenzaBvirus_HA","Q","R","1",1,"nonsyn"
"837",837,0.0105555555555556,"a","InfluenzaBvirus_HA","Q","Q","0",0,"syn"
"838",838,0,"a","InfluenzaBvirus_HA","R","G","1",0,"nonsyn"
"839",839,0.000833333333333333,"g","InfluenzaBvirus_HA","R","K","0",0,"nonsyn"
"840",840,0.147222222222222,"a","InfluenzaBvirus_HA","R","R","0",0,"syn"
"841",841,0,"g","InfluenzaBvirus_HA","G","S","1",0,"nonsyn"
"842",842,0.000277777777777778,"g","InfluenzaBvirus_HA","G","D","1",0,"nonsyn"
"843",843,0.0255555555555556,"t","InfluenzaBvirus_HA","G","G","0",0,"syn"
"844",844,0.398888888888889,"a","InfluenzaBvirus_HA","I","V","0",0,"nonsyn"
"845",845,0,"t","InfluenzaBvirus_HA","I","T","1",0,"nonsyn"
"846",846,0.00222222222222222,"t","InfluenzaBvirus_HA","I","I","0",0,"syn"
"847",847,0.0147222222222222,"t","InfluenzaBvirus_HA","L","L","0",0,"syn"
"848",848,0,"t","InfluenzaBvirus_HA","L","S","1",0,"nonsyn"
"849",849,0.449166666666667,"a","InfluenzaBvirus_HA","L","L","0",0,"syn"
"850",850,0.0105555555555556,"t","InfluenzaBvirus_HA","L","L","0",0,"syn"
"851",851,0,"t","InfluenzaBvirus_HA","L","S","1",1,"nonsyn"
"852",852,0.00194444444444444,"g","InfluenzaBvirus_HA","L","L","0",0,"syn"
"853",853,0,"c","InfluenzaBvirus_HA","P","S","1",0,"nonsyn"
"854",854,0.000555555555555556,"c","InfluenzaBvirus_HA","P","L","1",0,"nonsyn"
"855",855,0.00222222222222222,"t","InfluenzaBvirus_HA","P","P","0",0,"syn"
"856",856,0,"c","InfluenzaBvirus_HA","Q","*","1",0,"nonsense"
"857",857,0,"a","InfluenzaBvirus_HA","Q","R","1",1,"nonsyn"
"858",858,0.00944444444444444,"a","InfluenzaBvirus_HA","Q","Q","0",0,"syn"
"859",859,0.000833333333333333,"a","InfluenzaBvirus_HA","K","E","1",0,"nonsyn"
"860",860,0.0147222222222222,"a","InfluenzaBvirus_HA","K","R","0",0,"nonsyn"
"861",861,0.128611111111111,"g","InfluenzaBvirus_HA","K","K","0",0,"syn"
"862",862,0.000277777777777778,"g","InfluenzaBvirus_HA","V","M","0",0,"nonsyn"
"863",863,0.000277777777777778,"t","InfluenzaBvirus_HA","V","A","0",1,"nonsyn"
"864",864,0.00361111111111111,"g","InfluenzaBvirus_HA","V","V","0",0,"syn"
"865",865,0.000277777777777778,"t","InfluenzaBvirus_HA","W","R","1",1,"nonsyn"
"866",866,0.000833333333333333,"g","InfluenzaBvirus_HA","W","*","1",0,"nonsense"
"867",867,0.000555555555555556,"g","InfluenzaBvirus_HA","W","*","1",0,"nonsense"
"868",868,0,"t","InfluenzaBvirus_HA","C","R","1",1,"nonsyn"
"869",869,0.000555555555555556,"g","InfluenzaBvirus_HA","C","Y","1",0,"nonsyn"
"870",870,0.0133333333333333,"c","InfluenzaBvirus_HA","C","C","0",0,"syn"
"871",871,0.00611111111111111,"g","InfluenzaBvirus_HA","A","T","1",0,"nonsyn"
"872",872,0.00222222222222222,"c","InfluenzaBvirus_HA","A","V","0",0,"nonsyn"
"873",873,0.435277777777778,"a","InfluenzaBvirus_HA","A","A","0",1,"syn"
"874",874,0.00111111111111111,"a","InfluenzaBvirus_HA","S","G","1",0,"nonsyn"
"875",875,0.00166666666666667,"g","InfluenzaBvirus_HA","S","N","0",0,"nonsyn"
"876",876,0.0105555555555556,"t","InfluenzaBvirus_HA","S","S","0",1,"syn"
"877",877,0,"g","InfluenzaBvirus_HA","G","S","1",0,"nonsyn"
"878",878,0,"g","InfluenzaBvirus_HA","G","D","1",0,"nonsyn"
"879",879,0.00861111111111111,"c","InfluenzaBvirus_HA","G","G","0",0,"syn"
"880",880,0.000277777777777778,"a","InfluenzaBvirus_HA","R","G","1",1,"nonsyn"
"881",881,0.00277777777777778,"g","InfluenzaBvirus_HA","R","K","0",0,"nonsyn"
"882",882,0.00833333333333333,"g","InfluenzaBvirus_HA","R","R","0",0,"syn"
"883",883,0.000833333333333333,"a","InfluenzaBvirus_HA","S","G","1",0,"nonsyn"
"884",884,0,"g","InfluenzaBvirus_HA","S","N","0",0,"nonsyn"
"885",885,0.00166666666666667,"c","InfluenzaBvirus_HA","S","S","0",0,"syn"
"886",886,0,"a","InfluenzaBvirus_HA","K","E","1",1,"nonsyn"
"887",887,0.000277777777777778,"a","InfluenzaBvirus_HA","K","R","0",0,"nonsyn"
"888",888,0.443611111111111,"g","InfluenzaBvirus_HA","K","K","0",0,"syn"
"889",889,0.000277777777777778,"g","InfluenzaBvirus_HA","V","I","0",0,"nonsyn"
"890",890,0.000833333333333333,"t","InfluenzaBvirus_HA","V","A","0",0,"nonsyn"
"891",891,0.0119444444444444,"a","InfluenzaBvirus_HA","V","V","0",0,"syn"
"892",892,0.000277777777777778,"a","InfluenzaBvirus_HA","I","V","0",0,"nonsyn"
"893",893,0,"t","InfluenzaBvirus_HA","I","T","1",0,"nonsyn"
"894",894,0,"a","InfluenzaBvirus_HA","I","M","0",0,"nonsyn"
"895",895,0,"a","InfluenzaBvirus_HA","K","E","1",0,"nonsyn"
"896",896,0.000833333333333333,"a","InfluenzaBvirus_HA","K","R","0",0,"nonsyn"
"897",897,0.00166666666666667,"a","InfluenzaBvirus_HA","K","K","0",0,"syn"
"898",898,0.000833333333333333,"g","InfluenzaBvirus_HA","G","R","1",0,"nonsyn"
"899",899,0.000555555555555556,"g","InfluenzaBvirus_HA","G","E","1",0,"nonsyn"
"900",900,0.439166666666667,"a","InfluenzaBvirus_HA","G","G","0",0,"syn"
"901",901,0,"t","InfluenzaBvirus_HA","S","P","1",0,"nonsyn"
"902",902,0.000833333333333333,"c","InfluenzaBvirus_HA","S","F","1",0,"nonsyn"
"903",903,0.00166666666666667,"c","InfluenzaBvirus_HA","S","S","0",0,"syn"
"904",904,0.00972222222222222,"t","InfluenzaBvirus_HA","L","L","0",0,"syn"
"905",905,0,"t","InfluenzaBvirus_HA","L","S","1",1,"nonsyn"
"906",906,0.0116666666666667,"g","InfluenzaBvirus_HA","L","L","0",0,"syn"
"907",907,0,"c","InfluenzaBvirus_HA","P","S","1",0,"nonsyn"
"908",908,0,"c","InfluenzaBvirus_HA","P","L","1",0,"nonsyn"
"909",909,0.0269444444444444,"t","InfluenzaBvirus_HA","P","P","0",0,"syn"
"910",910,0.01,"t","InfluenzaBvirus_HA","L","L","0",0,"syn"
"911",911,0.000833333333333333,"t","InfluenzaBvirus_HA","L","S","1",0,"nonsyn"
"912",912,0.0116666666666667,"a","InfluenzaBvirus_HA","L","L","0",0,"syn"
"913",913,0,"a","InfluenzaBvirus_HA","I","V","0",0,"nonsyn"
"914",914,0,"t","InfluenzaBvirus_HA","I","T","1",0,"nonsyn"
"915",915,0.000833333333333333,"t","InfluenzaBvirus_HA","I","I","0",1,"syn"
"916",916,0,"g","InfluenzaBvirus_HA","G","R","1",0,"nonsyn"
"917",917,0.000277777777777778,"g","InfluenzaBvirus_HA","G","E","1",0,"nonsyn"
"918",918,0.00111111111111111,"a","InfluenzaBvirus_HA","G","G","0",0,"syn"
"919",919,0.000555555555555556,"g","InfluenzaBvirus_HA","E","K","1",0,"nonsyn"
"920",920,0,"a","InfluenzaBvirus_HA","E","G","1",0,"nonsyn"
"921",921,0.000555555555555556,"a","InfluenzaBvirus_HA","E","E","0",0,"syn"
"922",922,0.000277777777777778,"g","InfluenzaBvirus_HA","A","T","1",0,"nonsyn"
"923",923,0,"c","InfluenzaBvirus_HA","A","V","0",0,"nonsyn"
"924",924,0.00972222222222222,"a","InfluenzaBvirus_HA","A","A","0",1,"syn"
"925",925,0.000277777777777778,"g","InfluenzaBvirus_HA","D","N","1",0,"nonsyn"
"926",926,0,"a","InfluenzaBvirus_HA","D","G","1",0,"nonsyn"
"927",927,0.00138888888888889,"t","InfluenzaBvirus_HA","D","D","0",0,"syn"
"928",928,0,"t","InfluenzaBvirus_HA","C","R","1",1,"nonsyn"
"929",929,0,"g","InfluenzaBvirus_HA","C","Y","1",0,"nonsyn"
"930",930,0.0208333333333333,"c","InfluenzaBvirus_HA","C","C","0",0,"syn"
"931",931,0,"c","InfluenzaBvirus_HA","L","F","0",0,"nonsyn"
"932",932,0.000277777777777778,"t","InfluenzaBvirus_HA","L","P","1",0,"nonsyn"
"933",933,0.436944444444444,"c","InfluenzaBvirus_HA","L","L","0",0,"syn"
"934",934,0,"c","InfluenzaBvirus_HA","H","Y","1",0,"nonsyn"
"935",935,0,"a","InfluenzaBvirus_HA","H","R","0",1,"nonsyn"
"936",936,0.405555555555556,"c","InfluenzaBvirus_HA","H","H","0",0,"syn"
"937",937,0,"g","InfluenzaBvirus_HA","E","K","1",0,"nonsyn"
"938",938,0.000833333333333333,"a","InfluenzaBvirus_HA","E","G","1",0,"nonsyn"
"939",939,0.0125,"a","InfluenzaBvirus_HA","E","E","0",0,"syn"
"940",940,0.015,"a","InfluenzaBvirus_HA","K","E","1",0,"nonsyn"
"941",941,0.00194444444444444,"a","InfluenzaBvirus_HA","K","R","0",0,"nonsyn"
"942",942,0.0025,"a","InfluenzaBvirus_HA","K","K","0",0,"syn"
"943",943,0,"t","InfluenzaBvirus_HA","Y","H","1",0,"nonsyn"
"944",944,0,"a","InfluenzaBvirus_HA","Y","C","1",0,"nonsyn"
"945",945,0.0222222222222222,"c","InfluenzaBvirus_HA","Y","Y","0",0,"syn"
"946",946,0,"g","InfluenzaBvirus_HA","G","S","1",0,"nonsyn"
"947",947,0,"g","InfluenzaBvirus_HA","G","D","1",0,"nonsyn"
"948",948,0.0102777777777778,"t","InfluenzaBvirus_HA","G","G","0",1,"syn"
"949",949,0,"g","InfluenzaBvirus_HA","G","R","1",0,"nonsyn"
"950",950,0,"g","InfluenzaBvirus_HA","G","E","1",0,"nonsyn"
"951",951,0.0222222222222222,"a","InfluenzaBvirus_HA","G","G","0",0,"syn"
"952",952,0.00972222222222222,"t","InfluenzaBvirus_HA","L","L","0",0,"syn"
"953",953,0,"t","InfluenzaBvirus_HA","L","S","1",0,"nonsyn"
"954",954,0.0202777777777778,"a","InfluenzaBvirus_HA","L","L","0",0,"syn"
"955",955,0,"a","InfluenzaBvirus_HA","N","D","1",0,"nonsyn"
"956",956,0,"a","InfluenzaBvirus_HA","N","S","0",0,"nonsyn"
"957",957,0.00916666666666667,"c","InfluenzaBvirus_HA","N","N","0",0,"syn"
"958",958,0,"a","InfluenzaBvirus_HA","K","E","1",1,"nonsyn"
"959",959,0.000277777777777778,"a","InfluenzaBvirus_HA","K","R","0",0,"nonsyn"
"960",960,0.00583333333333333,"a","InfluenzaBvirus_HA","K","K","0",0,"syn"
"961",961,0.000555555555555556,"a","InfluenzaBvirus_HA","S","G","1",0,"nonsyn"
"962",962,0.000555555555555556,"g","InfluenzaBvirus_HA","S","N","0",0,"nonsyn"
"963",963,0.00222222222222222,"c","InfluenzaBvirus_HA","S","S","0",0,"syn"
"964",964,0,"a","InfluenzaBvirus_HA","K","E","1",1,"nonsyn"
"965",965,0.00194444444444444,"a","InfluenzaBvirus_HA","K","R","0",0,"nonsyn"
"966",966,0.01,"g","InfluenzaBvirus_HA","K","K","0",0,"syn"
"967",967,0.00194444444444444,"c","InfluenzaBvirus_HA","P","S","1",0,"nonsyn"
"968",968,0,"c","InfluenzaBvirus_HA","P","L","1",0,"nonsyn"
"969",969,0.00277777777777778,"t","InfluenzaBvirus_HA","P","P","0",0,"syn"
"970",970,0.000277777777777778,"t","InfluenzaBvirus_HA","Y","H","1",0,"nonsyn"
"971",971,0,"a","InfluenzaBvirus_HA","Y","C","1",0,"nonsyn"
"972",972,0.0155555555555556,"c","InfluenzaBvirus_HA","Y","Y","0",0,"syn"
"973",973,0.00166666666666667,"t","InfluenzaBvirus_HA","Y","H","1",0,"nonsyn"
"974",974,0,"a","InfluenzaBvirus_HA","Y","C","1",0,"nonsyn"
"975",975,0.0147222222222222,"c","InfluenzaBvirus_HA","Y","Y","0",0,"syn"
"976",976,0,"a","InfluenzaBvirus_HA","T","A","1",1,"nonsyn"
"977",977,0,"c","InfluenzaBvirus_HA","T","I","1",0,"nonsyn"
"978",978,0.0025,"a","InfluenzaBvirus_HA","T","T","0",1,"syn"
"979",979,0.000833333333333333,"g","InfluenzaBvirus_HA","G","R","1",0,"nonsyn"
"980",980,0.00111111111111111,"g","InfluenzaBvirus_HA","G","E","1",0,"nonsyn"
"981",981,0.448611111111111,"g","InfluenzaBvirus_HA","G","G","0",0,"syn"
"982",982,0.0163888888888889,"g","InfluenzaBvirus_HA","E","K","1",0,"nonsyn"
"983",983,0,"a","InfluenzaBvirus_HA","E","G","1",0,"nonsyn"
"984",984,0.00111111111111111,"a","InfluenzaBvirus_HA","E","E","0",0,"syn"
"985",985,0,"c","InfluenzaBvirus_HA","H","Y","1",0,"nonsyn"
"986",986,0,"a","InfluenzaBvirus_HA","H","R","0",1,"nonsyn"
"987",987,0.00194444444444444,"t","InfluenzaBvirus_HA","H","H","0",1,"syn"
"988",988,0.000833333333333333,"g","InfluenzaBvirus_HA","A","T","1",0,"nonsyn"
"989",989,0,"c","InfluenzaBvirus_HA","A","V","0",0,"nonsyn"
"990",990,0.0105555555555556,"a","InfluenzaBvirus_HA","A","A","0",1,"syn"
"991",991,0.000277777777777778,"a","InfluenzaBvirus_HA","K","E","1",0,"nonsyn"
"992",992,0,"a","InfluenzaBvirus_HA","K","R","0",0,"nonsyn"
"993",993,0.455,"g","InfluenzaBvirus_HA","K","K","0",0,"syn"
"994",994,0.00138888888888889,"g","InfluenzaBvirus_HA","A","T","1",0,"nonsyn"
"995",995,0,"c","InfluenzaBvirus_HA","A","V","0",0,"nonsyn"
"996",996,0.00833333333333333,"c","InfluenzaBvirus_HA","A","A","0",0,"syn"
"997",997,0.00166666666666667,"a","InfluenzaBvirus_HA","I","V","0",1,"nonsyn"
"998",998,0,"t","InfluenzaBvirus_HA","I","T","1",0,"nonsyn"
"999",999,0.000555555555555556,"a","InfluenzaBvirus_HA","I","M","0",0,"nonsyn"
"1000",1000,0,"g","InfluenzaBvirus_HA","G","R","1",0,"nonsyn"
"1001",1001,0,"g","InfluenzaBvirus_HA","G","E","1",0,"nonsyn"
"1002",1002,0.015,"a","InfluenzaBvirus_HA","G","G","0",0,"syn"
"1003",1003,0.00194444444444444,"a","InfluenzaBvirus_HA","N","D","1",0,"nonsyn"
"1004",1004,0,"a","InfluenzaBvirus_HA","N","S","0",0,"nonsyn"
"1005",1005,0.0236111111111111,"t","InfluenzaBvirus_HA","N","N","0",0,"syn"
"1006",1006,0,"t","InfluenzaBvirus_HA","C","R","1",1,"nonsyn"
"1007",1007,0,"g","InfluenzaBvirus_HA","C","Y","1",0,"nonsyn"
"1008",1008,0.00166666666666667,"c","InfluenzaBvirus_HA","C","C","0",0,"syn"
"1009",1009,0,"c","InfluenzaBvirus_HA","P","S","1",0,"nonsyn"
"1010",1010,0,"c","InfluenzaBvirus_HA","P","L","1",0,"nonsyn"
"1011",1011,0.00916666666666667,"a","InfluenzaBvirus_HA","P","P","0",1,"syn"
"1012",1012,0,"a","InfluenzaBvirus_HA","I","V","0",0,"nonsyn"
"1013",1013,0.000277777777777778,"t","InfluenzaBvirus_HA","I","T","1",0,"nonsyn"
"1014",1014,0,"a","InfluenzaBvirus_HA","I","M","0",0,"nonsyn"
"1015",1015,0,"t","InfluenzaBvirus_HA","W","R","1",1,"nonsyn"
"1016",1016,0.000833333333333333,"g","InfluenzaBvirus_HA","W","*","1",0,"nonsense"
"1017",1017,0,"g","InfluenzaBvirus_HA","W","*","1",0,"nonsense"
"1018",1018,0,"g","InfluenzaBvirus_HA","V","M","0",0,"nonsyn"
"1019",1019,0,"t","InfluenzaBvirus_HA","V","A","0",1,"nonsyn"
"1020",1020,0.121666666666667,"g","InfluenzaBvirus_HA","V","V","0",0,"syn"
"1021",1021,0,"a","InfluenzaBvirus_HA","K","E","1",0,"nonsyn"
"1022",1022,0.00138888888888889,"a","InfluenzaBvirus_HA","K","R","0",0,"nonsyn"
"1023",1023,0.110555555555556,"a","InfluenzaBvirus_HA","K","K","0",0,"syn"
"1024",1024,0.000555555555555556,"a","InfluenzaBvirus_HA","T","A","1",0,"nonsyn"
"1025",1025,0,"c","InfluenzaBvirus_HA","T","I","1",0,"nonsyn"
"1026",1026,0.00138888888888889,"a","InfluenzaBvirus_HA","T","T","0",1,"syn"
"1027",1027,0,"c","InfluenzaBvirus_HA","P","S","1",0,"nonsyn"
"1028",1028,0,"c","InfluenzaBvirus_HA","P","L","1",0,"nonsyn"
"1029",1029,0.435,"c","InfluenzaBvirus_HA","P","P","0",0,"syn"
"1030",1030,0.0111111111111111,"t","InfluenzaBvirus_HA","L","L","0",0,"syn"
"1031",1031,0,"t","InfluenzaBvirus_HA","L","S","1",1,"nonsyn"
"1032",1032,0.00361111111111111,"g","InfluenzaBvirus_HA","L","L","0",0,"syn"
"1033",1033,0.000277777777777778,"a","InfluenzaBvirus_HA","K","E","1",0,"nonsyn"
"1034",1034,0.00166666666666667,"a","InfluenzaBvirus_HA","K","R","0",0,"nonsyn"
"1035",1035,0.0136111111111111,"g","InfluenzaBvirus_HA","K","K","0",0,"syn"
"1036",1036,0.00222222222222222,"c","InfluenzaBvirus_HA","L","L","0",0,"syn"
"1037",1037,0,"t","InfluenzaBvirus_HA","L","P","1",1,"nonsyn"
"1038",1038,0.00138888888888889,"g","InfluenzaBvirus_HA","L","L","0",0,"syn"
"1039",1039,0,"g","InfluenzaBvirus_HA","A","T","1",0,"nonsyn"
"1040",1040,0.000555555555555556,"c","InfluenzaBvirus_HA","A","V","0",0,"nonsyn"
"1041",1041,0.00111111111111111,"c","InfluenzaBvirus_HA","A","A","0",0,"syn"
"1042",1042,0,"a","InfluenzaBvirus_HA","N","D","1",1,"nonsyn"
"1043",1043,0,"a","InfluenzaBvirus_HA","N","S","0",0,"nonsyn"
"1044",1044,0.0105555555555556,"t","InfluenzaBvirus_HA","N","N","0",1,"syn"
"1045",1045,0.000277777777777778,"g","InfluenzaBvirus_HA","G","R","1",0,"nonsyn"
"1046",1046,0.000277777777777778,"g","InfluenzaBvirus_HA","G","E","1",0,"nonsyn"
"1047",1047,0.0261111111111111,"a","InfluenzaBvirus_HA","G","G","0",0,"syn"
"1048",1048,0,"a","InfluenzaBvirus_HA","T","A","1",0,"nonsyn"
"1049",1049,0.000833333333333333,"c","InfluenzaBvirus_HA","T","I","1",0,"nonsyn"
"1050",1050,0.00666666666666667,"c","InfluenzaBvirus_HA","T","T","0",0,"syn"
"1051",1051,0,"a","InfluenzaBvirus_HA","K","E","1",1,"nonsyn"
"1052",1052,0.000833333333333333,"a","InfluenzaBvirus_HA","K","R","0",0,"nonsyn"
"1053",1053,0.00194444444444444,"a","InfluenzaBvirus_HA","K","K","0",0,"syn"
"1054",1054,0,"t","InfluenzaBvirus_HA","Y","H","1",0,"nonsyn"
"1055",1055,0,"a","InfluenzaBvirus_HA","Y","C","1",0,"nonsyn"
"1056",1056,0.00361111111111111,"t","InfluenzaBvirus_HA","Y","Y","0",0,"syn"
"1057",1057,0.000555555555555556,"a","InfluenzaBvirus_HA","R","G","1",0,"nonsyn"
"1058",1058,0.000277777777777778,"g","InfluenzaBvirus_HA","R","K","0",0,"nonsyn"
"1059",1059,0.0025,"a","InfluenzaBvirus_HA","R","R","0",0,"syn"
"1060",1060,0,"c","InfluenzaBvirus_HA","P","S","1",0,"nonsyn"
"1061",1061,0,"c","InfluenzaBvirus_HA","P","L","1",0,"nonsyn"
"1062",1062,0.00305555555555556,"t","InfluenzaBvirus_HA","P","P","0",0,"syn"
"1063",1063,0.00138888888888889,"c","InfluenzaBvirus_HA","P","S","1",0,"nonsyn"
"1064",1064,0,"c","InfluenzaBvirus_HA","P","L","1",0,"nonsyn"
"1065",1065,0.00444444444444444,"t","InfluenzaBvirus_HA","P","P","0",1,"syn"
"1066",1066,0.00166666666666667,"g","InfluenzaBvirus_HA","A","T","1",0,"nonsyn"
"1067",1067,0.000277777777777778,"c","InfluenzaBvirus_HA","A","V","0",0,"nonsyn"
"1068",1068,0.01,"a","InfluenzaBvirus_HA","A","A","0",1,"syn"
"1069",1069,0,"a","InfluenzaBvirus_HA","K","E","1",0,"nonsyn"
"1070",1070,0.000555555555555556,"a","InfluenzaBvirus_HA","K","R","0",0,"nonsyn"
"1071",1071,0.00861111111111111,"a","InfluenzaBvirus_HA","K","K","0",0,"syn"
"1072",1072,0.00194444444444444,"c","InfluenzaBvirus_HA","L","L","0",0,"syn"
"1073",1073,0.000833333333333333,"t","InfluenzaBvirus_HA","L","P","1",0,"nonsyn"
"1074",1074,0.0108333333333333,"a","InfluenzaBvirus_HA","L","L","0",0,"syn"
"1075",1075,0.0141666666666667,"t","InfluenzaBvirus_HA","L","L","0",0,"syn"
"1076",1076,0.00138888888888889,"t","InfluenzaBvirus_HA","L","S","1",0,"nonsyn"
"1077",1077,0.03,"a","InfluenzaBvirus_HA","L","L","0",0,"syn"
"1078",1078,0.000277777777777778,"a","InfluenzaBvirus_HA","K","E","1",0,"nonsyn"
"1079",1079,0.000555555555555556,"a","InfluenzaBvirus_HA","K","R","0",0,"nonsyn"
"1080",1080,0.0130555555555556,"g","InfluenzaBvirus_HA","K","K","0",0,"syn"
"1081",1081,0,"g","InfluenzaBvirus_HA","E","K","1",0,"nonsyn"
"1082",1082,0,"a","InfluenzaBvirus_HA","E","G","1",0,"nonsyn"
"1083",1083,0,"a","InfluenzaBvirus_HA","E","E","0",0,"syn"
"1084",1084,0,"a","InfluenzaBvirus_HA","R","G","1",0,"nonsyn"
"1085",1085,0.00166666666666667,"g","InfluenzaBvirus_HA","R","K","0",0,"nonsyn"
"1086",1086,0.0122222222222222,"g","InfluenzaBvirus_HA","R","R","0",0,"syn"
"1087",1087,0,"g","InfluenzaBvirus_HA","G","S","1",0,"nonsyn"
"1088",1088,0,"g","InfluenzaBvirus_HA","G","D","1",0,"nonsyn"
"1089",1089,0.0169444444444444,"t","InfluenzaBvirus_HA","G","G","0",0,"syn"
"1090",1090,0.000277777777777778,"t","InfluenzaBvirus_HA","F","L","0",0,"nonsyn"
"1091",1091,0,"t","InfluenzaBvirus_HA","F","S","1",0,"nonsyn"
"1092",1092,0.0136111111111111,"c","InfluenzaBvirus_HA","F","F","0",0,"syn"
"1093",1093,0.000277777777777778,"t","InfluenzaBvirus_HA","F","L","0",0,"nonsyn"
"1094",1094,0,"t","InfluenzaBvirus_HA","F","S","1",0,"nonsyn"
"1095",1095,0.0266666666666667,"c","InfluenzaBvirus_HA","F","F","0",0,"syn"
"1096",1096,0,"g","InfluenzaBvirus_HA","G","R","1",0,"nonsyn"
"1097",1097,0,"g","InfluenzaBvirus_HA","G","E","1",0,"nonsyn"
"1098",1098,0.0213888888888889,"a","InfluenzaBvirus_HA","G","G","0",0,"syn"
"1099",1099,0,"g","InfluenzaBvirus_HA","A","T","1",0,"nonsyn"
"1100",1100,0,"c","InfluenzaBvirus_HA","A","V","0",0,"nonsyn"
"1101",1101,0.00138888888888889,"t","InfluenzaBvirus_HA","A","A","0",0,"syn"
"1102",1102,0,"a","InfluenzaBvirus_HA","I","V","0",0,"nonsyn"
"1103",1103,0,"t","InfluenzaBvirus_HA","I","T","1",0,"nonsyn"
"1104",1104,0.000833333333333333,"t","InfluenzaBvirus_HA","I","I","0",1,"syn"
"1105",1105,0,"g","InfluenzaBvirus_HA","A","T","1",0,"nonsyn"
"1106",1106,0,"c","InfluenzaBvirus_HA","A","V","0",0,"nonsyn"
"1107",1107,0.000555555555555556,"t","InfluenzaBvirus_HA","A","A","0",1,"syn"
"1108",1108,0.000277777777777778,"g","InfluenzaBvirus_HA","G","S","1",0,"nonsyn"
"1109",1109,0,"g","InfluenzaBvirus_HA","G","D","1",0,"nonsyn"
"1110",1110,0.0936111111111111,"t","InfluenzaBvirus_HA","G","G","0",0,"syn"
"1111",1111,0,"t","InfluenzaBvirus_HA","F","L","0",0,"nonsyn"
"1112",1112,0,"t","InfluenzaBvirus_HA","F","S","1",0,"nonsyn"
"1113",1113,0.0127777777777778,"c","InfluenzaBvirus_HA","F","F","0",0,"syn"
"1114",1114,0.401666666666667,"t","InfluenzaBvirus_HA","L","L","0",0,"syn"
"1115",1115,0,"t","InfluenzaBvirus_HA","L","S","1",0,"nonsyn"
"1116",1116,0.0280555555555556,"a","InfluenzaBvirus_HA","L","L","0",0,"syn"
"1117",1117,0.000277777777777778,"g","InfluenzaBvirus_HA","E","K","1",0,"nonsyn"
"1118",1118,0,"a","InfluenzaBvirus_HA","E","G","1",0,"nonsyn"
"1119",1119,0.00527777777777778,"a","InfluenzaBvirus_HA","E","E","0",0,"syn"
"1120",1120,0.000555555555555556,"g","InfluenzaBvirus_HA","G","R","1",0,"nonsyn"
"1121",1121,0.000833333333333333,"g","InfluenzaBvirus_HA","G","E","1",0,"nonsyn"
"1122",1122,0.0105555555555556,"a","InfluenzaBvirus_HA","G","G","0",0,"syn"
"1123",1123,0,"g","InfluenzaBvirus_HA","G","R","1",0,"nonsyn"
"1124",1124,0.000277777777777778,"g","InfluenzaBvirus_HA","G","E","1",0,"nonsyn"
"1125",1125,0.00138888888888889,"a","InfluenzaBvirus_HA","G","G","0",0,"syn"
"1126",1126,0,"t","InfluenzaBvirus_HA","W","R","1",1,"nonsyn"
"1127",1127,0,"g","InfluenzaBvirus_HA","W","*","1",0,"nonsense"
"1128",1128,0,"g","InfluenzaBvirus_HA","W","*","1",0,"nonsense"
"1129",1129,0.000833333333333333,"g","InfluenzaBvirus_HA","E","K","1",0,"nonsyn"
"1130",1130,0,"a","InfluenzaBvirus_HA","E","G","1",0,"nonsyn"
"1131",1131,0.00138888888888889,"a","InfluenzaBvirus_HA","E","E","0",0,"syn"
"1132",1132,0,"g","InfluenzaBvirus_HA","G","R","1",0,"nonsyn"
"1133",1133,0,"g","InfluenzaBvirus_HA","G","E","1",0,"nonsyn"
"1134",1134,0.00194444444444444,"a","InfluenzaBvirus_HA","G","G","0",0,"syn"
"1135",1135,0,"a","InfluenzaBvirus_HA","M","V","0",0,"nonsyn"
"1136",1136,0,"t","InfluenzaBvirus_HA","M","T","1",1,"nonsyn"
"1137",1137,0,"g","InfluenzaBvirus_HA","M","I","0",0,"nonsyn"
"1138",1138,0.00222222222222222,"a","InfluenzaBvirus_HA","I","V","0",0,"nonsyn"
"1139",1139,0,"t","InfluenzaBvirus_HA","I","T","1",0,"nonsyn"
"1140",1140,0.00166666666666667,"t","InfluenzaBvirus_HA","I","I","0",1,"syn"
"1141",1141,0,"g","InfluenzaBvirus_HA","A","T","1",0,"nonsyn"
"1142",1142,0,"c","InfluenzaBvirus_HA","A","V","0",0,"nonsyn"
"1143",1143,0.00972222222222222,"a","InfluenzaBvirus_HA","A","A","0",1,"syn"
"1144",1144,0,"g","InfluenzaBvirus_HA","G","S","1",0,"nonsyn"
"1145",1145,0,"g","InfluenzaBvirus_HA","G","D","1",0,"nonsyn"
"1146",1146,0.0622222222222222,"t","InfluenzaBvirus_HA","G","G","0",0,"syn"
"1147",1147,0,"t","InfluenzaBvirus_HA","W","R","1",1,"nonsyn"
"1148",1148,0,"g","InfluenzaBvirus_HA","W","*","1",0,"nonsense"
"1149",1149,0,"g","InfluenzaBvirus_HA","W","*","1",0,"nonsense"
"1150",1150,0.000833333333333333,"c","InfluenzaBvirus_HA","H","Y","1",0,"nonsyn"
"1151",1151,0,"a","InfluenzaBvirus_HA","H","R","0",1,"nonsyn"
"1152",1152,0.0141666666666667,"c","InfluenzaBvirus_HA","H","H","0",0,"syn"
"1153",1153,0,"g","InfluenzaBvirus_HA","G","R","1",0,"nonsyn"
"1154",1154,0,"g","InfluenzaBvirus_HA","G","E","1",0,"nonsyn"
"1155",1155,0.005,"a","InfluenzaBvirus_HA","G","G","0",0,"syn"
"1156",1156,0,"t","InfluenzaBvirus_HA","Y","H","1",0,"nonsyn"
"1157",1157,0,"a","InfluenzaBvirus_HA","Y","C","1",0,"nonsyn"
"1158",1158,0.0175,"c","InfluenzaBvirus_HA","Y","Y","0",0,"syn"
"1159",1159,0,"a","InfluenzaBvirus_HA","T","A","1",1,"nonsyn"
"1160",1160,0.000555555555555556,"c","InfluenzaBvirus_HA","T","I","1",0,"nonsyn"
"1161",1161,0.109444444444444,"a","InfluenzaBvirus_HA","T","T","0",1,"syn"
"1162",1162,0.000833333333333333,"t","InfluenzaBvirus_HA","S","P","1",0,"nonsyn"
"1163",1163,0,"c","InfluenzaBvirus_HA","S","F","1",0,"nonsyn"
"1164",1164,0.441666666666667,"c","InfluenzaBvirus_HA","S","S","0",0,"syn"
"1165",1165,0,"c","InfluenzaBvirus_HA","H","Y","1",0,"nonsyn"
"1166",1166,0,"a","InfluenzaBvirus_HA","H","R","0",1,"nonsyn"
"1167",1167,0.430277777777778,"t","InfluenzaBvirus_HA","H","H","0",1,"syn"
"1168",1168,0.000833333333333333,"g","InfluenzaBvirus_HA","G","R","1",0,"nonsyn"
"1169",1169,0.000833333333333333,"g","InfluenzaBvirus_HA","G","E","1",0,"nonsyn"
"1170",1170,0.444166666666667,"g","InfluenzaBvirus_HA","G","G","0",0,"syn"
"1171",1171,0,"g","InfluenzaBvirus_HA","A","T","1",0,"nonsyn"
"1172",1172,0.000277777777777778,"c","InfluenzaBvirus_HA","A","V","0",0,"nonsyn"
"1173",1173,0.0108333333333333,"a","InfluenzaBvirus_HA","A","A","0",1,"syn"
"1174",1174,0,"c","InfluenzaBvirus_HA","H","Y","1",0,"nonsyn"
"1175",1175,0,"a","InfluenzaBvirus_HA","H","R","0",1,"nonsyn"
"1176",1176,0.0166666666666667,"t","InfluenzaBvirus_HA","H","H","0",1,"syn"
"1177",1177,0,"g","InfluenzaBvirus_HA","G","R","1",0,"nonsyn"
"1178",1178,0,"g","InfluenzaBvirus_HA","G","E","1",0,"nonsyn"
"1179",1179,0.00833333333333333,"a","InfluenzaBvirus_HA","G","G","0",0,"syn"
"1180",1180,0.00222222222222222,"g","InfluenzaBvirus_HA","V","I","0",0,"nonsyn"
"1181",1181,0.000277777777777778,"t","InfluenzaBvirus_HA","V","A","0",0,"nonsyn"
"1182",1182,0.446388888888889,"a","InfluenzaBvirus_HA","V","V","0",0,"syn"
"1183",1183,0,"g","InfluenzaBvirus_HA","A","T","1",0,"nonsyn"
"1184",1184,0,"c","InfluenzaBvirus_HA","A","V","0",0,"nonsyn"
"1185",1185,0.483611111111111,"a","InfluenzaBvirus_HA","A","A","0",1,"syn"
"1186",1186,0.000277777777777778,"g","InfluenzaBvirus_HA","V","M","0",0,"nonsyn"
"1187",1187,0,"t","InfluenzaBvirus_HA","V","A","0",1,"nonsyn"
"1188",1188,0.0025,"g","InfluenzaBvirus_HA","V","V","0",0,"syn"
"1189",1189,0,"g","InfluenzaBvirus_HA","A","T","1",0,"nonsyn"
"1190",1190,0.00138888888888889,"c","InfluenzaBvirus_HA","A","V","0",0,"nonsyn"
"1191",1191,0.273055555555556,"a","InfluenzaBvirus_HA","A","A","0",1,"syn"
"1192",1192,0,"g","InfluenzaBvirus_HA","A","T","1",0,"nonsyn"
"1193",1193,0,"c","InfluenzaBvirus_HA","A","V","0",0,"nonsyn"
"1194",1194,0.0591666666666667,"a","InfluenzaBvirus_HA","A","A","0",1,"syn"
"1195",1195,0,"g","InfluenzaBvirus_HA","D","N","1",0,"nonsyn"
"1196",1196,0,"a","InfluenzaBvirus_HA","D","G","1",0,"nonsyn"
"1197",1197,0.0136111111111111,"c","InfluenzaBvirus_HA","D","D","0",0,"syn"
"1198",1198,0,"c","InfluenzaBvirus_HA","L","F","0",0,"nonsyn"
"1199",1199,0,"t","InfluenzaBvirus_HA","L","P","1",0,"nonsyn"
"1200",1200,0.0025,"t","InfluenzaBvirus_HA","L","L","0",0,"syn"
"1201",1201,0.000277777777777778,"a","InfluenzaBvirus_HA","K","E","1",0,"nonsyn"
"1202",1202,0.000277777777777778,"a","InfluenzaBvirus_HA","K","R","0",0,"nonsyn"
"1203",1203,0.0408333333333333,"g","InfluenzaBvirus_HA","K","K","0",0,"syn"
"1204",1204,0,"a","InfluenzaBvirus_HA","S","G","1",0,"nonsyn"
"1205",1205,0,"g","InfluenzaBvirus_HA","S","N","0",0,"nonsyn"
"1206",1206,0.331388888888889,"c","InfluenzaBvirus_HA","S","S","0",0,"syn"
"1207",1207,0,"a","InfluenzaBvirus_HA","T","A","1",1,"nonsyn"
"1208",1208,0,"c","InfluenzaBvirus_HA","T","I","1",0,"nonsyn"
"1209",1209,0.0111111111111111,"t","InfluenzaBvirus_HA","T","T","0",0,"syn"
"1210",1210,0,"c","InfluenzaBvirus_HA","Q","*","1",0,"nonsense"
"1211",1211,0,"a","InfluenzaBvirus_HA","Q","R","1",1,"nonsyn"
"1212",1212,0.0111111111111111,"a","InfluenzaBvirus_HA","Q","Q","0",0,"syn"
"1213",1213,0.000277777777777778,"g","InfluenzaBvirus_HA","E","K","1",0,"nonsyn"
"1214",1214,0,"a","InfluenzaBvirus_HA","E","G","1",0,"nonsyn"
"1215",1215,0.478333333333333,"a","InfluenzaBvirus_HA","E","E","0",0,"syn"
"1216",1216,0,"g","InfluenzaBvirus_HA","A","T","1",0,"nonsyn"
"1217",1217,0,"c","InfluenzaBvirus_HA","A","V","0",0,"nonsyn"
"1218",1218,0.392777777777778,"c","InfluenzaBvirus_HA","A","A","0",0,"syn"
"1219",1219,0.000555555555555556,"a","InfluenzaBvirus_HA","I","V","0",1,"nonsyn"
"1220",1220,0,"t","InfluenzaBvirus_HA","I","T","1",0,"nonsyn"
"1221",1221,0,"a","InfluenzaBvirus_HA","I","M","0",0,"nonsyn"
"1222",1222,0.00111111111111111,"a","InfluenzaBvirus_HA","N","D","1",0,"nonsyn"
"1223",1223,0.000277777777777778,"a","InfluenzaBvirus_HA","N","S","0",0,"nonsyn"
"1224",1224,0.126388888888889,"c","InfluenzaBvirus_HA","N","N","0",0,"syn"
"1225",1225,0.000277777777777778,"a","InfluenzaBvirus_HA","K","E","1",1,"nonsyn"
"1226",1226,0.000833333333333333,"a","InfluenzaBvirus_HA","K","R","0",0,"nonsyn"
"1227",1227,0.0180555555555556,"g","InfluenzaBvirus_HA","K","K","0",0,"syn"
"1228",1228,0.000833333333333333,"a","InfluenzaBvirus_HA","I","V","0",0,"nonsyn"
"1229",1229,0,"t","InfluenzaBvirus_HA","I","T","1",0,"nonsyn"
"1230",1230,0,"a","InfluenzaBvirus_HA","I","M","0",0,"nonsyn"
"1231",1231,0,"a","InfluenzaBvirus_HA","T","A","1",0,"nonsyn"
"1232",1232,0,"c","InfluenzaBvirus_HA","T","I","1",0,"nonsyn"
"1233",1233,0.00277777777777778,"a","InfluenzaBvirus_HA","T","T","0",1,"syn"
"1234",1234,0.000833333333333333,"a","InfluenzaBvirus_HA","K","E","1",0,"nonsyn"
"1235",1235,0.000555555555555556,"a","InfluenzaBvirus_HA","K","R","0",0,"nonsyn"
"1236",1236,0.000833333333333333,"a","InfluenzaBvirus_HA","K","K","0",0,"syn"
"1237",1237,0,"a","InfluenzaBvirus_HA","N","D","1",0,"nonsyn"
"1238",1238,0,"a","InfluenzaBvirus_HA","N","S","0",0,"nonsyn"
"1239",1239,0.0147222222222222,"t","InfluenzaBvirus_HA","N","N","0",0,"syn"
"1240",1240,0.000277777777777778,"c","InfluenzaBvirus_HA","L","F","0",0,"nonsyn"
"1241",1241,0,"t","InfluenzaBvirus_HA","L","P","1",0,"nonsyn"
"1242",1242,0.0075,"c","InfluenzaBvirus_HA","L","L","0",0,"syn"
"1243",1243,0,"a","InfluenzaBvirus_HA","N","D","1",1,"nonsyn"
"1244",1244,0,"a","InfluenzaBvirus_HA","N","S","0",0,"nonsyn"
"1245",1245,0.266666666666667,"c","InfluenzaBvirus_HA","N","N","0",0,"syn"
"1246",1246,0.000555555555555556,"t","InfluenzaBvirus_HA","S","P","1",0,"nonsyn"
"1247",1247,0.000277777777777778,"c","InfluenzaBvirus_HA","S","F","1",0,"nonsyn"
"1248",1248,0.00944444444444444,"t","InfluenzaBvirus_HA","S","S","0",0,"syn"
"1249",1249,0.01,"t","InfluenzaBvirus_HA","L","L","0",0,"syn"
"1250",1250,0,"t","InfluenzaBvirus_HA","L","S","1",1,"nonsyn"
"1251",1251,0.00583333333333333,"g","InfluenzaBvirus_HA","L","L","0",0,"syn"
"1252",1252,0.000277777777777778,"a","InfluenzaBvirus_HA","S","G","1",0,"nonsyn"
"1253",1253,0,"g","InfluenzaBvirus_HA","S","N","0",0,"nonsyn"
"1254",1254,0.0102777777777778,"t","InfluenzaBvirus_HA","S","S","0",1,"syn"
"1255",1255,0,"g","InfluenzaBvirus_HA","E","K","1",0,"nonsyn"
"1256",1256,0.000555555555555556,"a","InfluenzaBvirus_HA","E","G","1",0,"nonsyn"
"1257",1257,0.0283333333333333,"g","InfluenzaBvirus_HA","E","E","0",0,"syn"
"1258",1258,0.00194444444444444,"c","InfluenzaBvirus_HA","L","L","0",0,"syn"
"1259",1259,0,"t","InfluenzaBvirus_HA","L","P","1",1,"nonsyn"
"1260",1260,0.440555555555556,"g","InfluenzaBvirus_HA","L","L","0",0,"syn"
"1261",1261,0.000833333333333333,"g","InfluenzaBvirus_HA","E","K","1",0,"nonsyn"
"1262",1262,0,"a","InfluenzaBvirus_HA","E","G","1",0,"nonsyn"
"1263",1263,0.00222222222222222,"a","InfluenzaBvirus_HA","E","E","0",0,"syn"
"1264",1264,0.00777777777777778,"g","InfluenzaBvirus_HA","V","I","0",0,"nonsyn"
"1265",1265,0.000833333333333333,"t","InfluenzaBvirus_HA","V","A","0",0,"nonsyn"
"1266",1266,0.0163888888888889,"a","InfluenzaBvirus_HA","V","V","0",0,"syn"
"1267",1267,0.000833333333333333,"a","InfluenzaBvirus_HA","K","E","1",0,"nonsyn"
"1268",1268,0,"a","InfluenzaBvirus_HA","K","R","0",0,"nonsyn"
"1269",1269,0.0333333333333333,"g","InfluenzaBvirus_HA","K","K","0",0,"syn"
"1270",1270,0.000277777777777778,"a","InfluenzaBvirus_HA","N","D","1",0,"nonsyn"
"1271",1271,0,"a","InfluenzaBvirus_HA","N","S","0",0,"nonsyn"
"1272",1272,0.157777777777778,"t","InfluenzaBvirus_HA","N","N","0",0,"syn"
"1273",1273,0.000833333333333333,"c","InfluenzaBvirus_HA","L","F","0",0,"nonsyn"
"1274",1274,0.000833333333333333,"t","InfluenzaBvirus_HA","L","P","1",0,"nonsyn"
"1275",1275,0.00666666666666667,"t","InfluenzaBvirus_HA","L","L","0",0,"syn"
"1276",1276,0,"c","InfluenzaBvirus_HA","Q","*","1",0,"nonsense"
"1277",1277,0,"a","InfluenzaBvirus_HA","Q","R","1",1,"nonsyn"
"1278",1278,0.0108333333333333,"a","InfluenzaBvirus_HA","Q","Q","0",0,"syn"
"1279",1279,0,"a","InfluenzaBvirus_HA","R","G","1",0,"nonsyn"
"1280",1280,0.000833333333333333,"g","InfluenzaBvirus_HA","R","K","0",0,"nonsyn"
"1281",1281,0.123333333333333,"a","InfluenzaBvirus_HA","R","R","0",0,"syn"
"1282",1282,0.00111111111111111,"c","InfluenzaBvirus_HA","L","L","0",0,"syn"
"1283",1283,0,"t","InfluenzaBvirus_HA","L","P","1",0,"nonsyn"
"1284",1284,0.01,"a","InfluenzaBvirus_HA","L","L","0",0,"syn"
"1285",1285,0.000833333333333333,"a","InfluenzaBvirus_HA","S","G","1",0,"nonsyn"
"1286",1286,0.000555555555555556,"g","InfluenzaBvirus_HA","S","N","0",0,"nonsyn"
"1287",1287,0.460555555555556,"c","InfluenzaBvirus_HA","S","S","0",0,"syn"
"1288",1288,0.00611111111111111,"g","InfluenzaBvirus_HA","G","S","1",0,"nonsyn"
"1289",1289,0.00111111111111111,"g","InfluenzaBvirus_HA","G","D","1",0,"nonsyn"
"1290",1290,0.00916666666666667,"t","InfluenzaBvirus_HA","G","G","0",1,"syn"
"1291",1291,0,"g","InfluenzaBvirus_HA","A","T","1",0,"nonsyn"
"1292",1292,0,"c","InfluenzaBvirus_HA","A","V","0",0,"nonsyn"
"1293",1293,0.00583333333333333,"c","InfluenzaBvirus_HA","A","A","0",0,"syn"
"1294",1294,0.000555555555555556,"a","InfluenzaBvirus_HA","M","V","0",1,"nonsyn"
"1295",1295,0,"t","InfluenzaBvirus_HA","M","T","1",1,"nonsyn"
"1296",1296,0.000555555555555556,"g","InfluenzaBvirus_HA","M","I","0",0,"nonsyn"
"1297",1297,0.00222222222222222,"g","InfluenzaBvirus_HA","D","N","1",0,"nonsyn"
"1298",1298,0,"a","InfluenzaBvirus_HA","D","G","1",0,"nonsyn"
"1299",1299,0.000555555555555556,"t","InfluenzaBvirus_HA","D","D","0",1,"syn"
"1300",1300,0.000277777777777778,"g","InfluenzaBvirus_HA","E","K","1",0,"nonsyn"
"1301",1301,0,"a","InfluenzaBvirus_HA","E","G","1",0,"nonsyn"
"1302",1302,0.000833333333333333,"a","InfluenzaBvirus_HA","E","E","0",0,"syn"
"1303",1303,0.000555555555555556,"c","InfluenzaBvirus_HA","L","F","0",0,"nonsyn"
"1304",1304,0,"t","InfluenzaBvirus_HA","L","P","1",0,"nonsyn"
"1305",1305,0.00416666666666667,"c","InfluenzaBvirus_HA","L","L","0",0,"syn"
"1306",1306,0,"c","InfluenzaBvirus_HA","H","Y","1",0,"nonsyn"
"1307",1307,0,"a","InfluenzaBvirus_HA","H","R","0",1,"nonsyn"
"1308",1308,0.0319444444444444,"c","InfluenzaBvirus_HA","H","H","0",0,"syn"
"1309",1309,0.00222222222222222,"a","InfluenzaBvirus_HA","N","D","1",1,"nonsyn"
"1310",1310,0.00555555555555556,"a","InfluenzaBvirus_HA","N","S","0",0,"nonsyn"
"1311",1311,0.119166666666667,"c","InfluenzaBvirus_HA","N","N","0",0,"syn"
"1312",1312,0.00111111111111111,"g","InfluenzaBvirus_HA","E","K","1",0,"nonsyn"
"1313",1313,0.000833333333333333,"a","InfluenzaBvirus_HA","E","G","1",0,"nonsyn"
"1314",1314,0.000555555555555556,"a","InfluenzaBvirus_HA","E","E","0",0,"syn"
"1315",1315,0,"a","InfluenzaBvirus_HA","I","V","0",0,"nonsyn"
"1316",1316,0,"t","InfluenzaBvirus_HA","I","T","1",0,"nonsyn"
"1317",1317,0.000277777777777778,"a","InfluenzaBvirus_HA","I","M","0",0,"nonsyn"
"1318",1318,0.000833333333333333,"c","InfluenzaBvirus_HA","L","L","0",0,"syn"
"1319",1319,0,"t","InfluenzaBvirus_HA","L","P","1",0,"nonsyn"
"1320",1320,0.0119444444444444,"a","InfluenzaBvirus_HA","L","L","0",0,"syn"
"1321",1321,0.000277777777777778,"g","InfluenzaBvirus_HA","E","K","1",0,"nonsyn"
"1322",1322,0,"a","InfluenzaBvirus_HA","E","G","1",0,"nonsyn"
"1323",1323,0.435277777777778,"a","InfluenzaBvirus_HA","E","E","0",0,"syn"
"1324",1324,0.0883333333333333,"c","InfluenzaBvirus_HA","L","L","0",0,"syn"
"1325",1325,0,"t","InfluenzaBvirus_HA","L","P","1",0,"nonsyn"
"1326",1326,0.447777777777778,"a","InfluenzaBvirus_HA","L","L","0",0,"syn"
"1327",1327,0.000277777777777778,"g","InfluenzaBvirus_HA","D","N","1",0,"nonsyn"
"1328",1328,0,"a","InfluenzaBvirus_HA","D","G","1",0,"nonsyn"
"1329",1329,0.276944444444444,"t","InfluenzaBvirus_HA","D","D","0",1,"syn"
"1330",1330,0.000833333333333333,"g","InfluenzaBvirus_HA","E","K","1",0,"nonsyn"
"1331",1331,0.00138888888888889,"a","InfluenzaBvirus_HA","E","G","1",0,"nonsyn"
"1332",1332,0.045,"g","InfluenzaBvirus_HA","E","E","0",0,"syn"
"1333",1333,0,"a","InfluenzaBvirus_HA","K","E","1",0,"nonsyn"
"1334",1334,0,"a","InfluenzaBvirus_HA","K","R","0",0,"nonsyn"
"1335",1335,0.00222222222222222,"a","InfluenzaBvirus_HA","K","K","0",0,"syn"
"1336",1336,0,"g","InfluenzaBvirus_HA","V","M","0",0,"nonsyn"
"1337",1337,0,"t","InfluenzaBvirus_HA","V","A","0",1,"nonsyn"
"1338",1338,0.0075,"g","InfluenzaBvirus_HA","V","V","0",0,"syn"
"1339",1339,0.000277777777777778,"g","InfluenzaBvirus_HA","D","N","1",0,"nonsyn"
"1340",1340,0,"a","InfluenzaBvirus_HA","D","G","1",0,"nonsyn"
"1341",1341,0.0025,"t","InfluenzaBvirus_HA","D","D","0",1,"syn"
"1342",1342,0,"g","InfluenzaBvirus_HA","D","N","1",0,"nonsyn"
"1343",1343,0,"a","InfluenzaBvirus_HA","D","G","1",0,"nonsyn"
"1344",1344,0.0291666666666667,"t","InfluenzaBvirus_HA","D","D","0",0,"syn"
"1345",1345,0,"c","InfluenzaBvirus_HA","L","F","0",0,"nonsyn"
"1346",1346,0.000555555555555556,"t","InfluenzaBvirus_HA","L","P","1",0,"nonsyn"
"1347",1347,0.000277777777777778,"c","InfluenzaBvirus_HA","L","L","0",0,"syn"
"1348",1348,0,"a","InfluenzaBvirus_HA","R","G","1",1,"nonsyn"
"1349",1349,0.000555555555555556,"g","InfluenzaBvirus_HA","R","K","0",0,"nonsyn"
"1350",1350,0.00361111111111111,"a","InfluenzaBvirus_HA","R","R","0",0,"syn"
"1351",1351,0.000555555555555556,"g","InfluenzaBvirus_HA","A","T","1",0,"nonsyn"
"1352",1352,0.000833333333333333,"c","InfluenzaBvirus_HA","A","V","0",0,"nonsyn"
"1353",1353,0.000555555555555556,"t","InfluenzaBvirus_HA","A","A","0",1,"syn"
"1354",1354,0,"g","InfluenzaBvirus_HA","D","N","1",0,"nonsyn"
"1355",1355,0,"a","InfluenzaBvirus_HA","D","G","1",0,"nonsyn"
"1356",1356,0.437777777777778,"t","InfluenzaBvirus_HA","D","D","0",0,"syn"
"1357",1357,0,"a","InfluenzaBvirus_HA","T","A","1",0,"nonsyn"
"1358",1358,0.000833333333333333,"c","InfluenzaBvirus_HA","T","I","1",0,"nonsyn"
"1359",1359,0.00194444444444444,"a","InfluenzaBvirus_HA","T","T","0",1,"syn"
"1360",1360,0,"a","InfluenzaBvirus_HA","I","V","0",0,"nonsyn"
"1361",1361,0,"t","InfluenzaBvirus_HA","I","T","1",0,"nonsyn"
"1362",1362,0.00138888888888889,"a","InfluenzaBvirus_HA","I","M","0",0,"nonsyn"
"1363",1363,0.000833333333333333,"a","InfluenzaBvirus_HA","S","G","1",0,"nonsyn"
"1364",1364,0.000277777777777778,"g","InfluenzaBvirus_HA","S","N","0",0,"nonsyn"
"1365",1365,0.136944444444444,"c","InfluenzaBvirus_HA","S","S","0",0,"syn"
"1366",1366,0,"t","InfluenzaBvirus_HA","S","P","1",0,"nonsyn"
"1367",1367,0.000833333333333333,"c","InfluenzaBvirus_HA","S","L","1",0,"nonsyn"
"1368",1368,0.0819444444444444,"a","InfluenzaBvirus_HA","S","S","0",1,"syn"
"1369",1369,0.000277777777777778,"c","InfluenzaBvirus_HA","Q","*","1",0,"nonsense"
"1370",1370,0,"a","InfluenzaBvirus_HA","Q","R","1",1,"nonsyn"
"1371",1371,0.0102777777777778,"a","InfluenzaBvirus_HA","Q","Q","0",0,"syn"
"1372",1372,0.000833333333333333,"a","InfluenzaBvirus_HA","I","V","0",0,"nonsyn"
"1373",1373,0.000833333333333333,"t","InfluenzaBvirus_HA","I","T","1",0,"nonsyn"
"1374",1374,0.000555555555555556,"a","InfluenzaBvirus_HA","I","M","0",0,"nonsyn"
"1375",1375,0,"g","InfluenzaBvirus_HA","E","K","1",0,"nonsyn"
"1376",1376,0,"a","InfluenzaBvirus_HA","E","G","1",0,"nonsyn"
"1377",1377,0.0297222222222222,"a","InfluenzaBvirus_HA","E","E","0",0,"syn"
"1378",1378,0.000277777777777778,"c","InfluenzaBvirus_HA","L","F","0",0,"nonsyn"
"1379",1379,0,"t","InfluenzaBvirus_HA","L","P","1",0,"nonsyn"
"1380",1380,0.441666666666667,"c","InfluenzaBvirus_HA","L","L","0",0,"syn"
"1381",1381,0,"g","InfluenzaBvirus_HA","A","T","1",0,"nonsyn"
"1382",1382,0.000833333333333333,"c","InfluenzaBvirus_HA","A","V","0",0,"nonsyn"
"1383",1383,0.0122222222222222,"a","InfluenzaBvirus_HA","A","A","0",1,"syn"
"1384",1384,0,"g","InfluenzaBvirus_HA","V","I","0",0,"nonsyn"
"1385",1385,0,"t","InfluenzaBvirus_HA","V","A","0",0,"nonsyn"
"1386",1386,0.0166666666666667,"c","InfluenzaBvirus_HA","V","V","0",0,"syn"
"1387",1387,0.4725,"c","InfluenzaBvirus_HA","L","L","0",0,"syn"
"1388",1388,0.000555555555555556,"t","InfluenzaBvirus_HA","L","P","1",1,"nonsyn"
"1389",1389,0.00333333333333333,"g","InfluenzaBvirus_HA","L","L","0",0,"syn"
"1390",1390,0,"c","InfluenzaBvirus_HA","L","F","0",0,"nonsyn"
"1391",1391,0,"t","InfluenzaBvirus_HA","L","P","1",0,"nonsyn"
"1392",1392,0.00111111111111111,"t","InfluenzaBvirus_HA","L","L","0",0,"syn"
"1393",1393,0,"t","InfluenzaBvirus_HA","S","P","1",0,"nonsyn"
"1394",1394,0,"c","InfluenzaBvirus_HA","S","F","1",0,"nonsyn"
"1395",1395,0.0102777777777778,"c","InfluenzaBvirus_HA","S","S","0",0,"syn"
"1396",1396,0,"a","InfluenzaBvirus_HA","N","D","1",1,"nonsyn"
"1397",1397,0,"a","InfluenzaBvirus_HA","N","S","0",0,"nonsyn"
"1398",1398,0.422777777777778,"t","InfluenzaBvirus_HA","N","N","0",1,"syn"
"1399",1399,0,"g","InfluenzaBvirus_HA","E","K","1",0,"nonsyn"
"1400",1400,0,"a","InfluenzaBvirus_HA","E","G","1",0,"nonsyn"
"1401",1401,0.00583333333333333,"a","InfluenzaBvirus_HA","E","E","0",0,"syn"
"1402",1402,0.000277777777777778,"g","InfluenzaBvirus_HA","G","R","1",0,"nonsyn"
"1403",1403,0.000555555555555556,"g","InfluenzaBvirus_HA","G","E","1",0,"nonsyn"
"1404",1404,0.00305555555555556,"a","InfluenzaBvirus_HA","G","G","0",0,"syn"
"1405",1405,0,"a","InfluenzaBvirus_HA","I","V","0",0,"nonsyn"
"1406",1406,0.000833333333333333,"t","InfluenzaBvirus_HA","I","T","1",0,"nonsyn"
"1407",1407,0,"a","InfluenzaBvirus_HA","I","M","0",0,"nonsyn"
"1408",1408,0,"a","InfluenzaBvirus_HA","I","V","0",0,"nonsyn"
"1409",1409,0,"t","InfluenzaBvirus_HA","I","T","1",0,"nonsyn"
"1410",1410,0.000277777777777778,"a","InfluenzaBvirus_HA","I","M","0",0,"nonsyn"
"1411",1411,0.000833333333333333,"a","InfluenzaBvirus_HA","N","D","1",0,"nonsyn"
"1412",1412,0,"a","InfluenzaBvirus_HA","N","S","0",0,"nonsyn"
"1413",1413,0.00361111111111111,"c","InfluenzaBvirus_HA","N","N","0",0,"syn"
"1414",1414,0,"a","InfluenzaBvirus_HA","S","G","1",1,"nonsyn"
"1415",1415,0.000555555555555556,"g","InfluenzaBvirus_HA","S","N","0",0,"nonsyn"
"1416",1416,0.00972222222222222,"t","InfluenzaBvirus_HA","S","S","0",1,"syn"
"1417",1417,0,"g","InfluenzaBvirus_HA","E","K","1",0,"nonsyn"
"1418",1418,0,"a","InfluenzaBvirus_HA","E","G","1",0,"nonsyn"
"1419",1419,0.00305555555555556,"a","InfluenzaBvirus_HA","E","E","0",0,"syn"
"1420",1420,0.000833333333333333,"g","InfluenzaBvirus_HA","D","N","1",0,"nonsyn"
"1421",1421,0,"a","InfluenzaBvirus_HA","D","G","1",0,"nonsyn"
"1422",1422,0.2175,"t","InfluenzaBvirus_HA","D","D","0",1,"syn"
"1423",1423,0,"g","InfluenzaBvirus_HA","E","K","1",0,"nonsyn"
"1424",1424,0,"a","InfluenzaBvirus_HA","E","G","1",0,"nonsyn"
"1425",1425,0.395,"g","InfluenzaBvirus_HA","E","E","0",0,"syn"
"1426",1426,0,"c","InfluenzaBvirus_HA","H","Y","1",0,"nonsyn"
"1427",1427,0,"a","InfluenzaBvirus_HA","H","R","0",1,"nonsyn"
"1428",1428,0.0025,"t","InfluenzaBvirus_HA","H","H","0",0,"syn"
"1429",1429,0.0111111111111111,"c","InfluenzaBvirus_HA","L","F","0",0,"nonsyn"
"1430",1430,0,"t","InfluenzaBvirus_HA","L","P","1",0,"nonsyn"
"1431",1431,0.000555555555555556,"c","InfluenzaBvirus_HA","L","L","0",0,"syn"
"1432",1432,0.0108333333333333,"t","InfluenzaBvirus_HA","L","L","0",0,"syn"
"1433",1433,0,"t","InfluenzaBvirus_HA","L","S","1",1,"nonsyn"
"1434",1434,0.00361111111111111,"g","InfluenzaBvirus_HA","L","L","0",0,"syn"
"1435",1435,0.000833333333333333,"g","InfluenzaBvirus_HA","A","T","1",0,"nonsyn"
"1436",1436,0,"c","InfluenzaBvirus_HA","A","V","0",0,"nonsyn"
"1437",1437,0.465,"g","InfluenzaBvirus_HA","A","A","0",0,"syn"
"1438",1438,0,"c","InfluenzaBvirus_HA","L","F","0",0,"nonsyn"
"1439",1439,0.000555555555555556,"t","InfluenzaBvirus_HA","L","P","1",0,"nonsyn"
"1440",1440,0.000277777777777778,"t","InfluenzaBvirus_HA","L","L","0",1,"syn"
"1441",1441,0.000833333333333333,"g","InfluenzaBvirus_HA","E","K","1",0,"nonsyn"
"1442",1442,0,"a","InfluenzaBvirus_HA","E","G","1",0,"nonsyn"
"1443",1443,0.436111111111111,"a","InfluenzaBvirus_HA","E","E","0",0,"syn"
"1444",1444,0.000277777777777778,"a","InfluenzaBvirus_HA","R","G","1",0,"nonsyn"
"1445",1445,0.00138888888888889,"g","InfluenzaBvirus_HA","R","K","0",0,"nonsyn"
"1446",1446,0.00138888888888889,"a","InfluenzaBvirus_HA","R","R","0",0,"syn"
"1447",1447,0,"a","InfluenzaBvirus_HA","K","E","1",0,"nonsyn"
"1448",1448,0.000555555555555556,"a","InfluenzaBvirus_HA","K","R","0",0,"nonsyn"
"1449",1449,0.4575,"g","InfluenzaBvirus_HA","K","K","0",0,"syn"
"1450",1450,0.00277777777777778,"c","InfluenzaBvirus_HA","L","L","0",0,"syn"
"1451",1451,0,"t","InfluenzaBvirus_HA","L","P","1",1,"nonsyn"
"1452",1452,0.433055555555556,"g","InfluenzaBvirus_HA","L","L","0",0,"syn"
"1453",1453,0,"a","InfluenzaBvirus_HA","K","E","1",0,"nonsyn"
"1454",1454,0.000555555555555556,"a","InfluenzaBvirus_HA","K","R","0",0,"nonsyn"
"1455",1455,0.01,"g","InfluenzaBvirus_HA","K","K","0",0,"syn"
"1456",1456,0.000555555555555556,"a","InfluenzaBvirus_HA","K","E","1",0,"nonsyn"
"1457",1457,0,"a","InfluenzaBvirus_HA","K","R","0",0,"nonsyn"
"1458",1458,0.00166666666666667,"a","InfluenzaBvirus_HA","K","K","0",0,"syn"
"1459",1459,0,"a","InfluenzaBvirus_HA","M","V","0",0,"nonsyn"
"1460",1460,0,"t","InfluenzaBvirus_HA","M","T","1",1,"nonsyn"
"1461",1461,0.000555555555555556,"g","InfluenzaBvirus_HA","M","I","0",0,"nonsyn"
"1462",1462,0.00194444444444444,"c","InfluenzaBvirus_HA","L","L","0",0,"syn"
"1463",1463,0,"t","InfluenzaBvirus_HA","L","P","1",1,"nonsyn"
"1464",1464,0.00305555555555556,"g","InfluenzaBvirus_HA","L","L","0",0,"syn"
"1465",1465,0,"g","InfluenzaBvirus_HA","G","S","1",0,"nonsyn"
"1466",1466,0,"g","InfluenzaBvirus_HA","G","D","1",0,"nonsyn"
"1467",1467,0.380555555555556,"c","InfluenzaBvirus_HA","G","G","0",0,"syn"
"1468",1468,0,"c","InfluenzaBvirus_HA","P","S","1",0,"nonsyn"
"1469",1469,0,"c","InfluenzaBvirus_HA","P","L","1",0,"nonsyn"
"1470",1470,0.0505555555555556,"c","InfluenzaBvirus_HA","P","P","0",0,"syn"
"1471",1471,0,"t","InfluenzaBvirus_HA","S","P","1",0,"nonsyn"
"1472",1472,0,"c","InfluenzaBvirus_HA","S","F","1",0,"nonsyn"
"1473",1473,0.00944444444444444,"t","InfluenzaBvirus_HA","S","S","0",1,"syn"
"1474",1474,0.000555555555555556,"g","InfluenzaBvirus_HA","A","T","1",0,"nonsyn"
"1475",1475,0,"c","InfluenzaBvirus_HA","A","V","0",0,"nonsyn"
"1476",1476,0.00111111111111111,"t","InfluenzaBvirus_HA","A","A","0",1,"syn"
"1477",1477,0.00555555555555556,"g","InfluenzaBvirus_HA","V","I","0",0,"nonsyn"
"1478",1478,0,"t","InfluenzaBvirus_HA","V","A","0",0,"nonsyn"
"1479",1479,0.0158333333333333,"a","InfluenzaBvirus_HA","V","V","0",0,"syn"
"1480",1480,0,"g","InfluenzaBvirus_HA","E","K","1",0,"nonsyn"
"1481",1481,0,"a","InfluenzaBvirus_HA","E","G","1",0,"nonsyn"
"1482",1482,0.015,"g","InfluenzaBvirus_HA","E","E","0",0,"syn"
"1483",1483,0.000277777777777778,"a","InfluenzaBvirus_HA","I","V","0",0,"nonsyn"
"1484",1484,0,"t","InfluenzaBvirus_HA","I","T","1",0,"nonsyn"
"1485",1485,0.000555555555555556,"a","InfluenzaBvirus_HA","I","M","0",0,"nonsyn"
"1486",1486,0,"g","InfluenzaBvirus_HA","G","R","1",0,"nonsyn"
"1487",1487,0,"g","InfluenzaBvirus_HA","G","E","1",0,"nonsyn"
"1488",1488,0.381944444444444,"g","InfluenzaBvirus_HA","G","G","0",0,"syn"
"1489",1489,0,"a","InfluenzaBvirus_HA","N","D","1",0,"nonsyn"
"1490",1490,0.000555555555555556,"a","InfluenzaBvirus_HA","N","S","0",0,"nonsyn"
"1491",1491,0.0369444444444444,"t","InfluenzaBvirus_HA","N","N","0",1,"syn"
"1492",1492,0,"g","InfluenzaBvirus_HA","G","R","1",0,"nonsyn"
"1493",1493,0,"g","InfluenzaBvirus_HA","G","E","1",0,"nonsyn"
"1494",1494,0.00972222222222222,"a","InfluenzaBvirus_HA","G","G","0",0,"syn"
"1495",1495,0,"t","InfluenzaBvirus_HA","C","R","1",1,"nonsyn"
"1496",1496,0,"g","InfluenzaBvirus_HA","C","Y","1",0,"nonsyn"
"1497",1497,0.005,"c","InfluenzaBvirus_HA","C","C","0",0,"syn"
"1498",1498,0,"t","InfluenzaBvirus_HA","F","L","0",0,"nonsyn"
"1499",1499,0,"t","InfluenzaBvirus_HA","F","S","1",0,"nonsyn"
"1500",1500,0.495555555555556,"c","InfluenzaBvirus_HA","F","F","0",0,"syn"
"1501",1501,0.000555555555555556,"g","InfluenzaBvirus_HA","E","K","1",0,"nonsyn"
"1502",1502,0,"a","InfluenzaBvirus_HA","E","G","1",0,"nonsyn"
"1503",1503,0.00444444444444444,"a","InfluenzaBvirus_HA","E","E","0",0,"syn"
"1504",1504,0,"a","InfluenzaBvirus_HA","T","A","1",0,"nonsyn"
"1505",1505,0.000833333333333333,"c","InfluenzaBvirus_HA","T","I","1",0,"nonsyn"
"1506",1506,0.000277777777777778,"c","InfluenzaBvirus_HA","T","T","0",0,"syn"
"1507",1507,0,"a","InfluenzaBvirus_HA","K","E","1",1,"nonsyn"
"1508",1508,0,"a","InfluenzaBvirus_HA","K","R","0",0,"nonsyn"
"1509",1509,0,"a","InfluenzaBvirus_HA","K","K","0",0,"syn"
"1510",1510,0,"c","InfluenzaBvirus_HA","H","Y","1",0,"nonsyn"
"1511",1511,0,"a","InfluenzaBvirus_HA","H","R","0",1,"nonsyn"
"1512",1512,0.0130555555555556,"c","InfluenzaBvirus_HA","H","H","0",0,"syn"
"1513",1513,0,"a","InfluenzaBvirus_HA","K","E","1",1,"nonsyn"
"1514",1514,0,"a","InfluenzaBvirus_HA","K","R","0",0,"nonsyn"
"1515",1515,0.348333333333333,"g","InfluenzaBvirus_HA","K","K","0",0,"syn"
"1516",1516,0,"t","InfluenzaBvirus_HA","C","R","1",1,"nonsyn"
"1517",1517,0,"g","InfluenzaBvirus_HA","C","Y","1",0,"nonsyn"
"1518",1518,0.00138888888888889,"c","InfluenzaBvirus_HA","C","C","0",0,"syn"
"1519",1519,0.00111111111111111,"a","InfluenzaBvirus_HA","N","D","1",1,"nonsyn"
"1520",1520,0,"a","InfluenzaBvirus_HA","N","S","0",0,"nonsyn"
"1521",1521,0.00166666666666667,"c","InfluenzaBvirus_HA","N","N","0",0,"syn"
"1522",1522,0,"c","InfluenzaBvirus_HA","Q","*","1",0,"nonsense"
"1523",1523,0,"a","InfluenzaBvirus_HA","Q","R","1",1,"nonsyn"
"1524",1524,0.00916666666666667,"g","InfluenzaBvirus_HA","Q","Q","0",0,"syn"
"1525",1525,0.00111111111111111,"a","InfluenzaBvirus_HA","T","A","1",0,"nonsyn"
"1526",1526,0,"c","InfluenzaBvirus_HA","T","I","1",0,"nonsyn"
"1527",1527,0.00833333333333333,"c","InfluenzaBvirus_HA","T","T","0",0,"syn"
"1528",1528,0,"t","InfluenzaBvirus_HA","C","R","1",1,"nonsyn"
"1529",1529,0,"g","InfluenzaBvirus_HA","C","Y","1",0,"nonsyn"
"1530",1530,0.455555555555556,"t","InfluenzaBvirus_HA","C","C","0",0,"syn"
"1531",1531,0.438333333333333,"c","InfluenzaBvirus_HA","L","F","0",0,"nonsyn"
"1532",1532,0.000833333333333333,"t","InfluenzaBvirus_HA","L","P","1",0,"nonsyn"
"1533",1533,0.0238888888888889,"c","InfluenzaBvirus_HA","L","L","0",0,"syn"
"1534",1534,0.000833333333333333,"g","InfluenzaBvirus_HA","D","N","1",0,"nonsyn"
"1535",1535,0.000555555555555556,"a","InfluenzaBvirus_HA","D","G","1",0,"nonsyn"
"1536",1536,0.0125,"c","InfluenzaBvirus_HA","D","D","0",0,"syn"
"1537",1537,0,"a","InfluenzaBvirus_HA","R","G","1",1,"nonsyn"
"1538",1538,0.00333333333333333,"g","InfluenzaBvirus_HA","R","K","0",0,"nonsyn"
"1539",1539,0.434722222222222,"a","InfluenzaBvirus_HA","R","R","0",0,"syn"
"1540",1540,0.000277777777777778,"a","InfluenzaBvirus_HA","I","V","0",0,"nonsyn"
"1541",1541,0,"t","InfluenzaBvirus_HA","I","T","1",0,"nonsyn"
"1542",1542,0,"a","InfluenzaBvirus_HA","I","M","0",0,"nonsyn"
"1543",1543,0.000833333333333333,"g","InfluenzaBvirus_HA","A","T","1",0,"nonsyn"
"1544",1544,0,"c","InfluenzaBvirus_HA","A","V","0",0,"nonsyn"
"1545",1545,0,"t","InfluenzaBvirus_HA","A","A","0",1,"syn"
"1546",1546,0.00111111111111111,"g","InfluenzaBvirus_HA","A","T","1",0,"nonsyn"
"1547",1547,0,"c","InfluenzaBvirus_HA","A","V","0",0,"nonsyn"
"1548",1548,0.000833333333333333,"t","InfluenzaBvirus_HA","A","A","0",1,"syn"
"1549",1549,0,"g","InfluenzaBvirus_HA","G","S","1",0,"nonsyn"
"1550",1550,0.000277777777777778,"g","InfluenzaBvirus_HA","G","D","1",0,"nonsyn"
"1551",1551,0.451111111111111,"t","InfluenzaBvirus_HA","G","G","0",0,"syn"
"1552",1552,0,"a","InfluenzaBvirus_HA","T","A","1",0,"nonsyn"
"1553",1553,0,"c","InfluenzaBvirus_HA","T","I","1",0,"nonsyn"
"1554",1554,0.00472222222222222,"c","InfluenzaBvirus_HA","T","T","0",0,"syn"
"1555",1555,0,"t","InfluenzaBvirus_HA","F","L","0",0,"nonsyn"
"1556",1556,0,"t","InfluenzaBvirus_HA","F","S","1",0,"nonsyn"
"1557",1557,0.00138888888888889,"t","InfluenzaBvirus_HA","F","F","0",1,"syn"
"1558",1558,0.443888888888889,"g","InfluenzaBvirus_HA","D","N","1",0,"nonsyn"
"1559",1559,0.000277777777777778,"a","InfluenzaBvirus_HA","D","G","1",0,"nonsyn"
"1560",1560,0.01,"t","InfluenzaBvirus_HA","D","D","0",1,"syn"
"1561",1561,0,"g","InfluenzaBvirus_HA","A","T","1",0,"nonsyn"
"1562",1562,0.000555555555555556,"c","InfluenzaBvirus_HA","A","V","0",0,"nonsyn"
"1563",1563,0.00972222222222222,"a","InfluenzaBvirus_HA","A","A","0",1,"syn"
"1564",1564,0,"g","InfluenzaBvirus_HA","G","R","1",0,"nonsyn"
"1565",1565,0.000277777777777778,"g","InfluenzaBvirus_HA","G","E","1",0,"nonsyn"
"1566",1566,0.00333333333333333,"a","InfluenzaBvirus_HA","G","G","0",0,"syn"
"1567",1567,0,"g","InfluenzaBvirus_HA","E","K","1",0,"nonsyn"
"1568",1568,0.000277777777777778,"a","InfluenzaBvirus_HA","E","G","1",0,"nonsyn"
"1569",1569,0.0447222222222222,"a","InfluenzaBvirus_HA","E","E","0",0,"syn"
"1570",1570,0,"t","InfluenzaBvirus_HA","F","L","0",0,"nonsyn"
"1571",1571,0.000277777777777778,"t","InfluenzaBvirus_HA","F","S","1",0,"nonsyn"
"1572",1572,0.00361111111111111,"t","InfluenzaBvirus_HA","F","F","0",0,"syn"
"1573",1573,0.000277777777777778,"t","InfluenzaBvirus_HA","S","P","1",0,"nonsyn"
"1574",1574,0.00111111111111111,"c","InfluenzaBvirus_HA","S","F","1",0,"nonsyn"
"1575",1575,0.0172222222222222,"t","InfluenzaBvirus_HA","S","S","0",0,"syn"
"1576",1576,0,"c","InfluenzaBvirus_HA","L","F","0",0,"nonsyn"
"1577",1577,0,"t","InfluenzaBvirus_HA","L","P","1",0,"nonsyn"
"1578",1578,0.0444444444444444,"c","InfluenzaBvirus_HA","L","L","0",0,"syn"
"1579",1579,0.000833333333333333,"c","InfluenzaBvirus_HA","P","S","1",0,"nonsyn"
"1580",1580,0.000277777777777778,"c","InfluenzaBvirus_HA","P","L","1",0,"nonsyn"
"1581",1581,0.0105555555555556,"c","InfluenzaBvirus_HA","P","P","0",0,"syn"
"1582",1582,0,"a","InfluenzaBvirus_HA","T","A","1",1,"nonsyn"
"1583",1583,0,"c","InfluenzaBvirus_HA","T","I","1",0,"nonsyn"
"1584",1584,0.386944444444444,"t","InfluenzaBvirus_HA","T","T","0",0,"syn"
"1585",1585,0,"t","InfluenzaBvirus_HA","F","L","0",0,"nonsyn"
"1586",1586,0,"t","InfluenzaBvirus_HA","F","S","1",0,"nonsyn"
"1587",1587,0.000277777777777778,"t","InfluenzaBvirus_HA","F","F","0",1,"syn"
"1588",1588,0.000277777777777778,"g","InfluenzaBvirus_HA","D","N","1",0,"nonsyn"
"1589",1589,0,"a","InfluenzaBvirus_HA","D","G","1",0,"nonsyn"
"1590",1590,0.00138888888888889,"t","InfluenzaBvirus_HA","D","D","0",0,"syn"
"1591",1591,0,"t","InfluenzaBvirus_HA","S","P","1",0,"nonsyn"
"1592",1592,0,"c","InfluenzaBvirus_HA","S","L","1",0,"nonsyn"
"1593",1593,0.000277777777777778,"a","InfluenzaBvirus_HA","S","S","0",1,"syn"
"1594",1594,0.323333333333333,"c","InfluenzaBvirus_HA","L","L","0",0,"syn"
"1595",1595,0.000277777777777778,"t","InfluenzaBvirus_HA","L","P","1",1,"nonsyn"
"1596",1596,0.0222222222222222,"g","InfluenzaBvirus_HA","L","L","0",0,"syn"
"1597",1597,0,"a","InfluenzaBvirus_HA","N","D","1",0,"nonsyn"
"1598",1598,0,"a","InfluenzaBvirus_HA","N","S","0",0,"nonsyn"
"1599",1599,0.4225,"t","InfluenzaBvirus_HA","N","N","0",0,"syn"
"1600",1600,0.000833333333333333,"a","InfluenzaBvirus_HA","I","V","0",0,"nonsyn"
"1601",1601,0,"t","InfluenzaBvirus_HA","I","T","1",0,"nonsyn"
"1602",1602,0.00222222222222222,"t","InfluenzaBvirus_HA","I","I","0",0,"syn"
"1603",1603,0,"a","InfluenzaBvirus_HA","T","A","1",0,"nonsyn"
"1604",1604,0,"c","InfluenzaBvirus_HA","T","I","1",0,"nonsyn"
"1605",1605,0.0105555555555556,"t","InfluenzaBvirus_HA","T","T","0",1,"syn"
"1606",1606,0.000277777777777778,"g","InfluenzaBvirus_HA","A","T","1",0,"nonsyn"
"1607",1607,0,"c","InfluenzaBvirus_HA","A","V","0",0,"nonsyn"
"1608",1608,0.0025,"t","InfluenzaBvirus_HA","A","A","0",1,"syn"
"1609",1609,0.000277777777777778,"g","InfluenzaBvirus_HA","A","T","1",0,"nonsyn"
"1610",1610,0.000833333333333333,"c","InfluenzaBvirus_HA","A","V","0",0,"nonsyn"
"1611",1611,0.0166666666666667,"a","InfluenzaBvirus_HA","A","A","0",1,"syn"
"1612",1612,0.000833333333333333,"t","InfluenzaBvirus_HA","S","P","1",0,"nonsyn"
"1613",1613,0,"c","InfluenzaBvirus_HA","S","F","1",0,"nonsyn"
"1614",1614,0.01,"t","InfluenzaBvirus_HA","S","S","0",0,"syn"
"1615",1615,0.00944444444444444,"t","InfluenzaBvirus_HA","L","L","0",0,"syn"
"1616",1616,0,"t","InfluenzaBvirus_HA","L","S","1",0,"nonsyn"
"1617",1617,0.0113888888888889,"a","InfluenzaBvirus_HA","L","L","0",0,"syn"
"1618",1618,0.000555555555555556,"a","InfluenzaBvirus_HA","N","D","1",0,"nonsyn"
"1619",1619,0.000555555555555556,"a","InfluenzaBvirus_HA","N","S","0",0,"nonsyn"
"1620",1620,0.00972222222222222,"t","InfluenzaBvirus_HA","N","N","0",1,"syn"
"1621",1621,0.00194444444444444,"g","InfluenzaBvirus_HA","D","N","1",0,"nonsyn"
"1622",1622,0.00861111111111111,"a","InfluenzaBvirus_HA","D","G","1",0,"nonsyn"
"1623",1623,0.461666666666667,"c","InfluenzaBvirus_HA","D","D","0",0,"syn"
"1624",1624,0.00361111111111111,"g","InfluenzaBvirus_HA","D","N","1",0,"nonsyn"
"1625",1625,0,"a","InfluenzaBvirus_HA","D","G","1",0,"nonsyn"
"1626",1626,0,"t","InfluenzaBvirus_HA","D","D","0",1,"syn"
"1627",1627,0.000555555555555556,"g","InfluenzaBvirus_HA","G","R","1",0,"nonsyn"
"1628",1628,0.00333333333333333,"g","InfluenzaBvirus_HA","G","E","1",0,"nonsyn"
"1629",1629,0.00972222222222222,"a","InfluenzaBvirus_HA","G","G","0",0,"syn"
"1630",1630,0.00972222222222222,"t","InfluenzaBvirus_HA","L","L","0",0,"syn"
"1631",1631,0,"t","InfluenzaBvirus_HA","L","S","1",1,"nonsyn"
"1632",1632,0.00944444444444444,"g","InfluenzaBvirus_HA","L","L","0",0,"syn"
"1633",1633,0.00111111111111111,"g","InfluenzaBvirus_HA","D","N","1",0,"nonsyn"
"1634",1634,0.000277777777777778,"a","InfluenzaBvirus_HA","D","G","1",0,"nonsyn"
"1635",1635,0.00333333333333333,"t","InfluenzaBvirus_HA","D","D","0",0,"syn"
"1636",1636,0.00111111111111111,"a","InfluenzaBvirus_HA","N","D","1",0,"nonsyn"
"1637",1637,0.000833333333333333,"a","InfluenzaBvirus_HA","N","S","0",0,"nonsyn"
"1638",1638,0.446111111111111,"t","InfluenzaBvirus_HA","N","N","0",0,"syn"
"1639",1639,0.000555555555555556,"c","InfluenzaBvirus_HA","H","Y","1",0,"nonsyn"
"1640",1640,0.00111111111111111,"a","InfluenzaBvirus_HA","H","R","0",1,"nonsyn"
"1641",1641,0.00916666666666667,"t","InfluenzaBvirus_HA","H","H","0",0,"syn"
"1642",1642,0.000833333333333333,"a","InfluenzaBvirus_HA","T","A","1",0,"nonsyn"
"1643",1643,0.00305555555555556,"c","InfluenzaBvirus_HA","T","I","1",0,"nonsyn"
"1644",1644,0.0838888888888889,"t","InfluenzaBvirus_HA","T","T","0",0,"syn"
"1645",1645,0.000277777777777778,"a","InfluenzaBvirus_HA","I","V","0",0,"nonsyn"
"1646",1646,0,"t","InfluenzaBvirus_HA","I","T","1",0,"nonsyn"
"1647",1647,0.000555555555555556,"a","InfluenzaBvirus_HA","I","M","0",0,"nonsyn"
"1648",1648,0.00611111111111111,"c","InfluenzaBvirus_HA","L","L","0",0,"syn"
"1649",1649,0.000277777777777778,"t","InfluenzaBvirus_HA","L","P","1",1,"nonsyn"
"1650",1650,0.00166666666666667,"g","InfluenzaBvirus_HA","L","L","0",0,"syn"
"1651",1651,0,"c","InfluenzaBvirus_HA","L","F","0",0,"nonsyn"
"1652",1652,0,"t","InfluenzaBvirus_HA","L","P","1",0,"nonsyn"
"1653",1653,0.436666666666667,"t","InfluenzaBvirus_HA","L","L","0",0,"syn"
"1654",1654,0,"t","InfluenzaBvirus_HA","Y","H","1",0,"nonsyn"
"1655",1655,0,"a","InfluenzaBvirus_HA","Y","C","1",0,"nonsyn"
"1656",1656,0.414722222222222,"c","InfluenzaBvirus_HA","Y","Y","0",0,"syn"
"1657",1657,0,"t","InfluenzaBvirus_HA","Y","H","1",0,"nonsyn"
"1658",1658,0,"a","InfluenzaBvirus_HA","Y","C","1",0,"nonsyn"
"1659",1659,0.0141666666666667,"c","InfluenzaBvirus_HA","Y","Y","0",0,"syn"
"1660",1660,0,"t","InfluenzaBvirus_HA","S","P","1",0,"nonsyn"
"1661",1661,0,"c","InfluenzaBvirus_HA","S","L","1",0,"nonsyn"
"1662",1662,0.000833333333333333,"a","InfluenzaBvirus_HA","S","S","0",1,"syn"
"1663",1663,0.000555555555555556,"a","InfluenzaBvirus_HA","T","A","1",0,"nonsyn"
"1664",1664,0.000555555555555556,"c","InfluenzaBvirus_HA","T","I","1",0,"nonsyn"
"1665",1665,0.00916666666666667,"t","InfluenzaBvirus_HA","T","T","0",1,"syn"
"1666",1666,0.000277777777777778,"g","InfluenzaBvirus_HA","A","T","1",0,"nonsyn"
"1667",1667,0.000833333333333333,"c","InfluenzaBvirus_HA","A","V","0",0,"nonsyn"
"1668",1668,0.00222222222222222,"t","InfluenzaBvirus_HA","A","A","0",1,"syn"
"1669",1669,0.000833333333333333,"g","InfluenzaBvirus_HA","A","T","1",0,"nonsyn"
"1670",1670,0.00138888888888889,"c","InfluenzaBvirus_HA","A","V","0",0,"nonsyn"
"1671",1671,0.448055555555556,"c","InfluenzaBvirus_HA","A","A","0",0,"syn"
"1672",1672,0,"t","InfluenzaBvirus_HA","S","P","1",0,"nonsyn"
"1673",1673,0,"c","InfluenzaBvirus_HA","S","F","1",0,"nonsyn"
"1674",1674,0.436944444444444,"c","InfluenzaBvirus_HA","S","S","0",0,"syn"
"1675",1675,0.000277777777777778,"a","InfluenzaBvirus_HA","S","G","1",1,"nonsyn"
"1676",1676,0.000555555555555556,"g","InfluenzaBvirus_HA","S","N","0",0,"nonsyn"
"1677",1677,0.0147222222222222,"t","InfluenzaBvirus_HA","S","S","0",0,"syn"
"1678",1678,0.0102777777777778,"t","InfluenzaBvirus_HA","L","L","0",0,"syn"
"1679",1679,0,"t","InfluenzaBvirus_HA","L","S","1",1,"nonsyn"
"1680",1680,0.00166666666666667,"g","InfluenzaBvirus_HA","L","L","0",0,"syn"
"1681",1681,0,"g","InfluenzaBvirus_HA","A","T","1",0,"nonsyn"
"1682",1682,0.000555555555555556,"c","InfluenzaBvirus_HA","A","V","0",0,"nonsyn"
"1683",1683,0.000555555555555556,"t","InfluenzaBvirus_HA","A","A","0",1,"syn"
"1684",1684,0.000833333333333333,"g","InfluenzaBvirus_HA","V","I","0",0,"nonsyn"
"1685",1685,0,"t","InfluenzaBvirus_HA","V","A","0",0,"nonsyn"
"1686",1686,0.0113888888888889,"a","InfluenzaBvirus_HA","V","V","0",0,"syn"
"1687",1687,0.00111111111111111,"a","InfluenzaBvirus_HA","T","A","1",0,"nonsyn"
"1688",1688,0.00166666666666667,"c","InfluenzaBvirus_HA","T","I","1",0,"nonsyn"
"1689",1689,0.000277777777777778,"a","InfluenzaBvirus_HA","T","T","0",1,"syn"
"1690",1690,0.390555555555556,"t","InfluenzaBvirus_HA","L","L","0",0,"syn"
"1691",1691,0.000277777777777778,"t","InfluenzaBvirus_HA","L","S","1",1,"nonsyn"
"1692",1692,0.124166666666667,"g","InfluenzaBvirus_HA","L","L","0",0,"syn"
"1693",1693,0,"a","InfluenzaBvirus_HA","M","V","0",0,"nonsyn"
"1694",1694,0,"t","InfluenzaBvirus_HA","M","T","1",1,"nonsyn"
"1695",1695,0.000277777777777778,"g","InfluenzaBvirus_HA","M","I","0",0,"nonsyn"
"1696",1696,0.000833333333333333,"a","InfluenzaBvirus_HA","I","V","0",0,"nonsyn"
"1697",1697,0,"t","InfluenzaBvirus_HA","I","T","1",0,"nonsyn"
"1698",1698,0.00305555555555556,"a","InfluenzaBvirus_HA","I","M","0",0,"nonsyn"
"1699",1699,0,"g","InfluenzaBvirus_HA","A","T","1",0,"nonsyn"
"1700",1700,0.000555555555555556,"c","InfluenzaBvirus_HA","A","V","0",0,"nonsyn"
"1701",1701,0.0147222222222222,"t","InfluenzaBvirus_HA","A","A","0",0,"syn"
"1702",1702,0.000555555555555556,"a","InfluenzaBvirus_HA","I","V","0",0,"nonsyn"
"1703",1703,0,"t","InfluenzaBvirus_HA","I","T","1",0,"nonsyn"
"1704",1704,0.446944444444444,"c","InfluenzaBvirus_HA","I","I","0",0,"syn"
"1705",1705,0,"t","InfluenzaBvirus_HA","F","L","0",0,"nonsyn"
"1706",1706,0,"t","InfluenzaBvirus_HA","F","S","1",0,"nonsyn"
"1707",1707,0.00166666666666667,"t","InfluenzaBvirus_HA","F","F","0",1,"syn"
"1708",1708,0.442777777777778,"g","InfluenzaBvirus_HA","V","I","0",0,"nonsyn"
"1709",1709,0,"t","InfluenzaBvirus_HA","V","A","0",0,"nonsyn"
"1710",1710,0.00138888888888889,"t","InfluenzaBvirus_HA","V","V","0",1,"syn"
"1711",1711,0.000555555555555556,"g","InfluenzaBvirus_HA","V","I","0",0,"nonsyn"
"1712",1712,0,"t","InfluenzaBvirus_HA","V","A","0",0,"nonsyn"
"1713",1713,0.00333333333333333,"t","InfluenzaBvirus_HA","V","V","0",0,"syn"
"1714",1714,0.000277777777777778,"t","InfluenzaBvirus_HA","Y","H","1",0,"nonsyn"
"1715",1715,0.000833333333333333,"a","InfluenzaBvirus_HA","Y","C","1",0,"nonsyn"
"1716",1716,0.00138888888888889,"t","InfluenzaBvirus_HA","Y","Y","0",0,"syn"
"1717",1717,0.000555555555555556,"a","InfluenzaBvirus_HA","M","V","0",0,"nonsyn"
"1718",1718,0.000555555555555556,"t","InfluenzaBvirus_HA","M","T","1",1,"nonsyn"
"1719",1719,0.000555555555555556,"g","InfluenzaBvirus_HA","M","I","0",0,"nonsyn"
"1720",1720,0.0455555555555556,"g","InfluenzaBvirus_HA","V","I","0",0,"nonsyn"
"1721",1721,0.000277777777777778,"t","InfluenzaBvirus_HA","V","A","0",0,"nonsyn"
"1722",1722,0.00194444444444444,"c","InfluenzaBvirus_HA","V","V","0",0,"syn"
"1723",1723,0.000833333333333333,"t","InfluenzaBvirus_HA","S","P","1",0,"nonsyn"
"1724",1724,0.000277777777777778,"c","InfluenzaBvirus_HA","S","F","1",0,"nonsyn"
"1725",1725,0.00166666666666667,"c","InfluenzaBvirus_HA","S","S","0",0,"syn"
"1726",1726,0,"a","InfluenzaBvirus_HA","R","G","1",1,"nonsyn"
"1727",1727,0.00222222222222222,"g","InfluenzaBvirus_HA","R","K","0",0,"nonsyn"
"1728",1728,0.00111111111111111,"a","InfluenzaBvirus_HA","R","R","0",0,"syn"
"1729",1729,0.000555555555555556,"g","InfluenzaBvirus_HA","D","N","1",0,"nonsyn"
"1730",1730,0.000833333333333333,"a","InfluenzaBvirus_HA","D","G","1",0,"nonsyn"
"1731",1731,0.0116666666666667,"c","InfluenzaBvirus_HA","D","D","0",0,"syn"
"1732",1732,0,"a","InfluenzaBvirus_HA","N","D","1",1,"nonsyn"
"1733",1733,0.000833333333333333,"a","InfluenzaBvirus_HA","N","S","0",0,"nonsyn"
"1734",1734,0.396666666666667,"t","InfluenzaBvirus_HA","N","N","0",1,"syn"
"1735",1735,0.00194444444444444,"g","InfluenzaBvirus_HA","V","I","0",0,"nonsyn"
"1736",1736,0,"t","InfluenzaBvirus_HA","V","A","0",0,"nonsyn"
"1737",1737,0.000555555555555556,"t","InfluenzaBvirus_HA","V","V","0",0,"syn"
"1738",1738,0.000277777777777778,"t","InfluenzaBvirus_HA","S","P","1",0,"nonsyn"
"1739",1739,0,"c","InfluenzaBvirus_HA","S","F","1",0,"nonsyn"
"1740",1740,0.0113888888888889,"t","InfluenzaBvirus_HA","S","S","0",0,"syn"
"1741",1741,0,"t","InfluenzaBvirus_HA","C","R","1",1,"nonsyn"
"1742",1742,0,"g","InfluenzaBvirus_HA","C","Y","1",0,"nonsyn"
"1743",1743,0.00611111111111111,"c","InfluenzaBvirus_HA","C","C","0",0,"syn"
"1744",1744,0.000833333333333333,"t","InfluenzaBvirus_HA","S","P","1",0,"nonsyn"
"1745",1745,0,"c","InfluenzaBvirus_HA","S","F","1",0,"nonsyn"
"1746",1746,0.00138888888888889,"c","InfluenzaBvirus_HA","S","S","0",0,"syn"
"1747",1747,0.000277777777777778,"a","InfluenzaBvirus_HA","I","V","0",1,"nonsyn"
"1748",1748,0,"t","InfluenzaBvirus_HA","I","T","1",0,"nonsyn"
"1749",1749,0.00916666666666667,"c","InfluenzaBvirus_HA","I","I","0",0,"syn"
"1750",1750,0,"t","InfluenzaBvirus_HA","C","R","1",1,"nonsyn"
"1751",1751,0,"g","InfluenzaBvirus_HA","C","Y","1",0,"nonsyn"
"1752",1752,0.0241666666666667,"t","InfluenzaBvirus_HA","C","C","0",0,"syn"
"1753",1753,0,"c","InfluenzaBvirus_HA","L","L","0",0,"syn"
"1754",1754,0,"t","InfluenzaBvirus_HA","L","P","1",0,"nonsyn"
"1755",1755,0.00777777777777778,"a","InfluenzaBvirus_HA","L","L","0",0,"syn"
"1756",1756,0,"t","InfluenzaBvirus_HA","*","Q","1",0,"nonsyn"
"1757",1757,0.00277777777777778,"a","InfluenzaBvirus_HA","*","*","0",0,"syn"
"1758",1758,0.0208333333333333,"a","InfluenzaBvirus_HA","*","*","0",0,"syn"
